10120
104020
10460
109500
110610
11230
12210
12440
12450
12460
12540
12570
12580
13140
17570
17580
18470
18480
19320
19810
200190
200490
202270
204080
204080
204220
205070
205690
206760
207190
207370
207650
207670
207710
208620
209330
209610
209710
209750
211440
212410
213550
213650
214100
215120
215390
215550
215630
215670
215770
217270
217860
218700
218860
219070
22310
22330
223750
22380
226120
22650
226560
226920
226960
227400
227400
229970
230270
230310
230650
230760
23300
234060
234290
234490
235070
236010
236490
237950
238890
239450
242110
242940
243560
244410
244590
244630
246300
246980
247370
24980
250380
251020
251310
251370
251390
251410
251410
251650
252150
252210
252570
254880
255500
255520
256010
256330
257220
257770
258070
258200
259320
259340
259340
259470
259470
259720
259720
259830
259830
260410
260430
260690
260710
261940
262750
262980
263040
263080
264440
264480
264690
264730
265240
265770
266090
266250
266450
266490
268520
268710
268970
269350
269630
270090
270170
270190
270330
270510
270590
271670
271730
271920
2720
272990
273790
273790
273830
273860
273960
273960
274620
274620
274880
275330
275490
276380
276730
276730
276750
276750
277470
277470
277520
277650
277650
277870
277870
278640
278640
278850
279460
279480
279480
279520
279520
279560
279560
279580
279580
279640
279640
279920
279920
280460
280460
280500
280500
280640
281240
281240
281260
281260
281280
281390
281410
281450
281560
281580
281820
284100
284220
284580
284910
284930
285350
285520
286200
286220
286360
286520
286810
292880
293740
294160
294460
295870
296510
296650
296730
296810
296910
297000
298020
298300
298820
298850
299360
300280
301680
301920
302010
302160
302240
302240
302250
302250
302260
302260
302310
302310
302650
302750
303800
303820
303820
303910
305010
306700
306930
307010
307070
307560
307570
307590
307620
308460
308460
308560
308560
310450
310460
310640
310760
310810
310830
311100
311240
311980
312020
312150
312220
312240
312280
312310
312440
312450
313190
313330
313360
314120
314560
314570
315060
315110
315130
315320
315450
315480
315550
315650
315680
315850
316180
316420
316810
316950
317080
317330
317410
317720
317920
317950
318260
318440
318480
318570
318680
319140
319170
319210
319230
319300
319410
319430
320020
320090
320120
320400
320410
320590
320590
320650
320790
320970
320970
321030
321080
32120
321310
321350
321350
321370
321370
321450
321450
321490
321610
321710
321710
321860
321860
321880
321950
321950
322030
322300
322300
322440
322440
322540
322540
322990
322990
322990
323000
323000
323000
323240
323240
323240
323250
323270
323270
323430
323430
323700
323700
323780
323780
324240
324240
324750
324750
325110
325610
326060
32610
326120
326130
326990
327000
327210
327310
327370
327640
327740
328440
328450
328460
328500
328650
329240
329320
329650
329690
330110
330180
330370
330520
331120
331190
331510
332390
332410
333740
334830
334840
334980
335010
335080
335090
335210
335220
335220
335450
335460
33550
335560
335660
335820
335890
335900
335900
335950
336020
336090
336100
336110
336210
336230
336380
336630
336630
336780
336840
337110
337130
337180
337280
337350
337490
337630
337630
337650
337700
337700
338000
338090
338260
338420
338550
338760
339120
339130
33950
339570
340000
34030
341110
341110
341660
345220
345290
345440
345640
345650
345690
345700
345790
346120
346130
346130
346430
346430
346630
346630
346780
347000
347040
347080
347170
347250
347280
347290
347330
347660
347800
34810
348280
350770
351150
351340
351790
352210
352440
352620
352640
35300
353110
353340
353550
353550
353940
353940
354030
354030
354040
354040
354230
354280
354310
354600
355120
355140
355310
355520
355560
355970
356540
356540
357940
358250
358330
358440
358700
359060
359070
359090
359160
359260
359370
359450
359800
360040
360390
360600
360680
360720
360750
360760
360870
361250
361420
361560
361600
361620
361660
361680
362070
362380
362400
362740
362810
363110
363180
36320
363220
363240
363500
363580
363650
364510
364640
364700
364720
364770
364880
364900
365050
365050
365060
365290
365320
365320
365400
365460
365510
365580
365680
365730
365750
366010
366010
366410
366460
366570
366640
366990
367220
367340
367700
369360
369460
369530
369700
369840
369860
370090
370140
370170
370700
370780
37100
371310
371370
371380
371620
371650
371790
371890
372030
372260
373750
37390
374620
375030
375250
375620
376130
376560
37800
378080
378450
379990
3800
380570
380600
381130
381290
382240
382490
383080
38490
384930
385080
385390
385580
385590
385630
385770
385960
386050
386110
386320
386330
386350
386560
387070
387450
387870
388160
388500
388720
389190
389190
389200
389200
389230
389230
389250
389250
389460
389530
389650
390680
390680
390920
390920
390930
390930
391270
391390
391390
391630
391630
391820
391910
391910
391960
392600
392610
392690
392700
392720
392930
393660
393770
394140
394840
395890
396530
396730
396850
396900
397020
397320
397570
397670
397800
397940
398020
398110
398460
398980
39900
399090
399100
399580
399660
399900
400030
400370
400470
401120
401280
401290
401510
401550
402340
402850
402980
403170
403300
403440
403570
403670
404290
404420
404580
404860
405070
405180
405590
405950
406300
406730
407020
407530
407530
407700
407940
408110
408920
409310
409420
409670
410290
410470
410970
410980
411300
411330
411520
411610
411680
411720
411740
412480
413460
413540
413580
413700
413830
414070
414500
414580
415530
415600
415670
415780
415880
416320
416680
416760
416790
416800
417020
417110
417150
417350
417350
417480
417730
417840
417840
418110
418180
418240
418280
419520
42000
42000
423230
423580
423650
423780
424040
424210
424210
424320
424640
424750
424760
425040
425410
425820
426240
426560
426590
427240
427570
427880
428590
428860
428870
428980
42920
42930
429300
42940
429940
429950
430190
430290
430930
431220
431260
431290
431410
431630
431640
431930
431990
432080
432130
432170
432310
432410
432480
432490
432590
432620
432640
432760
432780
432850
432850
432950
432950
432980
433210
433290
433360
433400
433490
433670
433790
433830
434120
434140
434150
434220
434240
434270
434340
434370
434390
434430
434460
434460
434490
434600
434600
434700
434820
434860
434870
434970
435040
435140
435400
435400
435530
435530
435600
435780
436000
436000
436230
436230
436290
436290
436300
436320
436320
437390
437390
437400
437440
437440
437570
438120
438160
438440
438480
438660
438740
439440
439730
439740
439880
440260
440470
440650
440730
441050
441440
441560
441920
442770
442780
442810
443580
443590
443790
443810
443850
444990
447240
447970
448130
448260
448320
448530
448820
449020
449240
449330
449350
449420
449680
450030
450050
450220
450390
451100
451330
453980
454030
454080
454420
454430
454570
455490
455710
455720
455970
456210
456660
45730
459910
459910
461410
462910
463270
463440
464340
464340
465490
465960
467950
468560
471010
471260
471630
471660
471770
471910
471920
472740
472870
475550
476020
477200
478950
485800
51010
51020
55020
57700
57700
60340
60340
60600
61100
61220
65080
65500
70500
72400
72500
72900
80300
92000
92400
9460
96900
99120
99400
9960
9980
9990
