407120
449150
46790
33460
235400
348670
412460
459470
209650
70650
201480
73190
380550
70660
49540
473520
209100
461680
414130
285960
334070
412790
8080
324170
280040
391460
454930
287920
270110
415840
228560
348450
285500
429490
233250
296770
453820
402450
438010
350700
227920
289500
272470
227180
241990
440020
340950
247660
214130
214700
27920
246070
38830
434110
348730
354160
338540
331920
306410
380000
423710
16730
345750
287200
48120
326670
283060
277950
390220
438030
341980
113420
271860
24670
305740
383530
362140
334040
446870
204940
282780
55100
386650
303390
428190
33670
462220
245300
38230
462480
9930
390970
279500
293860
65740
333540
341690
242720
335850
267550
307210
42500
359900
57740
343070
369040
231140
292390
16720
396400
250200
6550
263480
314830
463320
381140
252230
240620
392820
338340
336010
316160
17180
12590
242530
412470
355330
432290
373720
38110
385600
292420
267750
270910
200230
324050
364300
400240
430240
343270
367600
274230
202530
384320
447180
331880
331910
301740
344180
371210
23420
359220
41600
38480
415860
428430
314370
329790
339860
343360
283560
234530
416450
427660
201830
9850
216390
318350
365620
357370
253130
359290
318950
318740
33420
350310
380580
473580
367550
331660
264000
336280
279720
402160
311040
265970
291960
65930
341360
395350
393750
274010
423920
277460
313870
311860
458990
408120
386280
407420
252250
295550
370730
374640
245730
450060
397980
433630
386480
215930
401190
331200
1690
289690
274130
407730
256390
46560
433380
404080
283430
356380
340810
420380
51100
385880
7510
446250
284970
42160
305960
303510
334410
344890
434090
375180
291450
33320
395560
321260
398840
478210
261760
299260
307130
257050
431270
257830
440740
361200
24480
224900
275810
10530
397420
434610
322980
265120
272890
342510
442290
450040
344900
230980
19200
402060
230840
46450
320320
344820
46570
255070
366810
226780
27200
365560
21030
21010
314000
289400
289480
386640
37240
369230
340650
443900
293920
313650
16620
108210
293180
361890
305500
397720
57650
260020
260080
261720
370640
106000
283660
385890
63800
214910
200390
95900
397820
291250
310880
232950
394450
302440
367710
304460
397040
16200
286750
374950
443980
362780
337410
407620
4520
4530
11200
324090
200370
297450
332790
351300
209730
270770
307190
111400
413170
339700
346240
92900
431370
291030
329670
307760
11260
236470
403390
321390
285580
293160
283100
362660
287600
42210
350090
282620
258880
111010
111000
205530
250420
450590
263520
441870
348290
249570
276360
248630
258220
347030
36300
383070
462950
434380
259620
328310
302190
299340
436410
312210
15230
361430
352960
46280
407830
439720
403860
314460
365310
326230
292370
461780
46370
414730
296180
296210
336930
43500
9730
317290
4460
325630
9500
307600
251710
428280
217140
264320
116100
372480
267670
49800
422250
269610
27800
308520
461520
424260
212700
328880
365420
395900
312050
11390
216210
275510
438560
354560
205060
330990
311170
209850
285090
217690
11050
320690
289600
300160
50940
427550
8310
305390
240660
2590
278490
380690
275080
407720
442890
209690
43000
353070
283310
362930
272010
299460
6210
331340
285130
360510
396320
356290
448660
264540
360380
415950
292480
326590
409290
339540
277560
348180
351080
251690
395150
421890
382300
381050
364940
440810
446240
302320
311120
293220
447850
463030
264260
9710
448300
287860
398680
285050
276300
252270
37370
314510
220660
1900
326180
346950
31800
12770
207430
440340
37300
374120
385440
293540
258050
245010
259190
429580
286730
279160
416670
373730
416350
337210
412970
443830
341930
261740
315330
248490
289380
361320
23380
436860
361130
393390
342450
417910
295850
397200
311400
290460
433750
415330
320110
331790
432470
306350
406930
34800
438020
385700
209270
375320
46400
314950
354730
385830
380540
25500
368720
283490
485950
372950
342860
338710
105700
241720
341780
365020
371570
416030
398480
252430
351900
343000
369000
375020
469900
416200
368780
299050
3410
253940
409130
306520
201070
307270
264580
363510
315740
3500
3260
420920
345280
263180
299150
430020
422100
319180
361190
253860
217100
6270
362920
357830
400250
356770
406080
350220
254100
260380
416310
94000
260250
378490
284140
312900
365340
472830
338830
390880
204960
32730
12790
2520
305070
428950
368900
381170
310110
375760
415390
394770
311140
407680
303340
291130
365330
372720
449090
35310
387930
393240
458060
349550
410590
462730
403490
432610
448150
449820
428760
397640
209520
331160
280320
457710
269370
437740
360580
46520
432150
334960
343340
429200
341060
337220
406670
357900
355100
257630
402850
402850
346200
447880
444160
391070
110500
383330
388830
461140
436350
278970
403740
42140
434250
328740
354920
418610
42170
385220
281430
346450
295930
342240
260210
7840
370590
315940
342890
363900
344910
313960
258950
281370
254060
260650
460660
467370
462370
258180
306670
12570
12580
10460
9460
11250
12340
15800
8330
11240
11560
7260
12570
12580
10460
9460
15950
8100
34810
12480
27050
37800
24410
40200
34630
34640
32200
41100
35600
60800
40420
50510
46380
47110
4300
4420
46710
46750
37320
37380
42930
42940
55020
9960
42920
60600
65500
72500
72900
9980
41660
49320
11370
18480
34810
37800
10120
12630
18470
96200
61220
18480
22310
32610
10120
12440
12450
12460
32120
18470
45720
50910
50920
33550
36320
45730
51010
51020
28000
34180
45710
57800
49900
19020
38190
39900
3570
22310
32610
12440
12450
12460
32120
23500
16060
23700
204080
200190
110610
109700
202310
202370
42230
110600
98900
33550
36320
45730
51010
51020
39900
391820
391960
392700
392930
394140
393660
393770
393410
393540
393550
393950
399580
399660
399900
400470
400370
400030
403170
403300
403440
296050
375710
389160
412250
412380
214100
213550
230650
244630
244590
243560
257770
258200
259340
259720
259830
273790
273960
274620
274880
281240
281260
280460
280500
279640
279920
279480
279520
279560
279580
99400
9990
99120
219700
218040
218310
218700
218860
219070
217860
204080
209330
109500
19320
207190
207370
207670
207710
209610
209710
209750
208620
215390
215630
215670
215770
215120
237950
236010
236490
238890
235070
242110
243560
252570
252210
251020
251310
251390
251410
254650
253410
253470
253570
253630
253960
255030
2780
206610
36000
229580
253490
292380
312600
470130
335210
334980
335080
335660
335820
335890
335900
335950
336020
336100
336210
335570
22650
92000
215550
338060
338090
335220
336630
337630
337700
336380
336780
337110
337130
337180
347230
347240
347260
347270
347410
346300
346490
346550
345030
345130
341660
346080
346160
345220
345290
345440
345640
345700
345790
217270
226960
200490
234290
96900
242110
237950
238890
227560
227900
226120
229520
229600
228320
228940
202270
234490
236010
236490
235070
256330
257220
286810
286880
288000
398020
398110
370170
397020
399180
399270
399420
399430
399000
398640
398670
398830
410490
410540
410560
411530
411630
411690
410990
411070
107900
222520
231310
412490
337420
286200
286220
286520
284910
284930
285350
284100
284220
284580
285520
296590
296850
298220
298260
298340
297270
297330
297390
295710
297620
297740
464700
206760
207650
307620
251410
259340
259720
259830
265790
265990
266030
266050
266070
265870
266330
266370
266550
265380
269350
269630
270170
270190
268710
268970
270590
268520
273790
273960
274620
356540
365050
407530
459910
448130
230650
215390
215630
215670
215770
215120
214100
218700
218860
219070
217860
217270
213550
226120
226960
200490
204080
209330
109500
19320
207190
207370
207670
207710
110630
207000
209610
209710
209750
208620
246680
246800
244630
244590
247310
202270
234490
234290
96900
252570
252210
251020
251310
251390
251410
200190
110610
204840
205550
205080
205090
42930
42940
55020
9960
46850
65070
33980
33990
42920
60600
65500
72500
72900
9980
92300
61220
99400
9990
99120
348270
22650
92000
215550
333380
333660
333730
333100
333350
332710
332730
332780
332810
332970
335210
334980
335080
334270
334290
334470
334490
338260
338550
337630
337700
358330
358700
358440
350330
359800
359260
359370
359450
359060
359070
359090
360390
360040
212410
226560
229970
234060
361600
361620
362070
362400
360600
360720
360750
360760
341660
345220
345290
345440
345640
345700
345790
344500
350500
350510
349440
349780
349840
312280
13140
23300
239450
277520
319210
319430
318440
318570
322990
323000
323240
256010
271730
275330
275490
276220
276240
276430
276440
277510
278530
277910
278620
281240
281260
279640
279920
279480
279520
279560
279580
280460
280500
278810
281560
281580
314560
314570
314050
315450
315550
266430
312360
312420
315060
266450
317920
316810
318260
317950
317730
317380
317440
317580
317330
227400
320400
320410
320650
320790
320020
320120
320590
320970
315850
316370
316740
316890
316930
316970
315130
315260
316140
316320
315650
321610
321030
321080
321950
322300
321710
321860
321350
321370
321450
324750
320970
227400
322440
322540
321950
322300
321710
321860
321350
321370
321450
330110
330270
330000
330760
330520
324240
322990
323000
323240
323430
323700
323780
323270
324750
330520
330110
331980
332150
331580
325110
329310
329610
329620
328430
329660
329680
326060
326130
327210
328100
328220
328640
328680
335220
336630
335660
335820
335890
335900
338090
335220
336630
337630
337700
335900
335950
336020
336380
336780
338260
338550
337110
337130
337180
336100
336210
340820
341010
341080
340410
340460
340470
340530
340550
354690
357840
357930
358000
358080
358170
358230
358280
358310
358320
358330
357480
357280
357320
358440
212410
226560
229970
234060
352160
351630
351840
351220
351400
351420
320590
324240
322990
323000
323240
323430
323700
323780
322440
322540
323270
327910
327960
326990
327000
327210
326060
326130
327640
303910
301980
302010
302160
301050
300970
356280
356310
356550
355810
355510
355650
356130
355380
461970
461750
462110
462530
463010
467350
478010
459170
459310
461180
269590
281220
285480
289090
315920
389810
401210
402170
402190
402220
402300
401560
401780
400030
403170
403300
402890
403010
403440
403900
403680
403690
404150
405040
405610
394140
394280
394480
393660
393770
392930
392700
311850
312640
311080
315850
315130
315650
315060
315450
315550
206760
207650
307620
307980
314280
314290
314300
314340
314380
314760
314770
312960
313040
314530
314560
314570
360130
378480
378510
378570
378580
378590
382420
383020
382570
385680
385810
385980
386510
386540
386630
385490
385530
385260
385360
389120
3600
364890
391120
391340
391440
391590
391740
392060
391780
391820
391960
397810
397830
397840
397960
396450
398020
398110
370170
397020
399580
399660
399900
400470
400370
375420
375430
375510
375040
375330
247870
257220
256330
259340
259720
259830
257770
258200
261960
262300
271730
281240
281260
279640
279920
279480
279520
279560
279580
280460
280500
281560
281580
312280
324240
322990
323000
323240
323430
323700
323780
323270
325110
324750
324770
325320
325430
325880
325670
324360
324420
270590
267730
268520
267900
267490
268200
268260
269350
269630
270170
270190
268710
268970
237550
256010
275330
275490
273790
273960
274620
274880
286120
286140
286200
286220
286520
284910
284930
285350
284100
284220
284580
285520
286810
359260
359370
359450
359800
363200
363270
363940
363960
363670
369060
369100
369180
368290
368310
367240
367660
367780
364130
364480
364660
364670
368750
368790
367060
368760
368880
368970
351140
361110
365930
366050
360600
360720
360750
360760
360890
359060
359070
359090
358700
360040
360390
364850
364960
365070
365080
365110
365140
365150
365240
365270
365280
361600
361620
362070
362400
366350
366600
366700
364350
364370
364450
372430
371000
371220
371280
371390
371400
371460
370190
370200
370220
371510
371690
371810
302010
302160
303910
304810
303870
303880
310850
310970
310990
310070
308380
266450
317920
318440
318570
316810
318260
317950
317330
227400
319210
319430
320020
320120
321030
321080
320400
320410
320650
320790
320590
320970
13140
23300
239450
277520
321610
322440
322540
321950
322300
321710
321860
321350
321370
321450
327640
326990
327000
425860
426040
431460
431610
431680
431740
432170
432410
431990
431330
431500
430280
394120
429600
415890
418430
416630
416720
416170
416290
417060
421060
421110
421180
416370
416390
433210
432170
432410
433670
431990
432490
432640
431220
431290
434680
434930
434120
434960
435050
434480
356540
365050
407530
459910
448230
448130
447860
447940
449200
449220
385400
292570
423740
423750
423840
423180
424000
424060
424100
424870
416330
422630
421620
421900
420910
420270
18700
227060
244050
299170
310890
373360
444250
442220
444410
444440
468560
448460
448480
452930
453980
454030
454080
263080
454570
455490
454420
454430
233630
318690
333740
456660
455970
456210
376130
455710
455720
356540
365050
407530
459910
426630
429700
428740
428530
428940
429020
429060
429160
427970
429430
428260
433570
433840
434010
433110
433120
433130
433210
434120
433670
432490
432640
431220
431290
333740
263080
454570
454420
454430
453980
454030
454080
455490
455970
456210
376130
455710
455720
456660
468560
458230
326730
293280
313010
47400
271500
422640
47700
354640
363530
202860
271370
348510
254860
422420
253770
70120
403980
294120
249930
344160
287340
246090
65610
291930
303830
2870
399230
108110
322950
283580
335330
236510
342990
281350
337880
465510
277500
485270
452000
290410
11590
336520
473640
474790
314700
473650
46540
363610
200670
58550
381810
462830
370100
204760
319780
449940
247950
466210
239410
329950
46700
12560
27900
431000
361640
300200
317970
321660
99100
265670
303410
444350
273730
457940
392870
388870
221020
248410
423460
340220
344750
287100
392050
473630
457930
382970
24460
294830
223490
283020
403200
373110
267940
31300
7970
273820
346650
227160
316750
200050
357770
371360
383030
369080
233110
266290
284290
312710
292060
422270
10250
330350
426250
446450
236790
259170
273850
339470
422140
410210
207790
267610
427040
273940
302370
10230
295250
373800
373810
373820
259890
443940
415080
446470
420210
315070
346040
485760
280380
424830
313620
384920
200020
328670
296150
335740
412730
302170
291330
378100
418310
364690
329000
340630
319570
444460
368990
397580
302390
403560
348380
16000
19500
58400
46440
27330
46830
65200
80000
90500
39560
40500
41400
36910
46730
19080
46740
24640
24650
11130
26300
92700
200550
200630
27940
3960
4100
2570
3230
20200
12430
15920
21600
73060
37310
41680
204560
207150
207730
208460
10260
209390
214210
230310
224340
224700
233210
230760
420880
420970
426560
429950
417730
417840
417350
289220
366890
404810
404890
405440
405050
407700
405810
410040
409510
409310
384930
385080
387070
387450
388160
386320
386330
385580
385630
385390
395890
394840
367340
388500
389460
397670
397800
396730
396530
397320
396850
399090
399100
102820
413460
434150
433790
436300
34920
437400
440470
259700
300900
300910
302570
302910
301680
302240
302250
302260
302310
303820
306930
259320
259640
259760
265770
266090
265240
270090
270330
273830
273860
279460
280640
278850
293400
357200
357290
367040
358840
358420
358610
359300
361400
369370
370310
371410
371440
371710
372570
372150
369280
372890
248710
344040
382240
381130
380570
379990
378450
369360
257890
257930
258240
273830
273860
230310
230760
236530
237590
271640
276380
276460
277540
279460
280640
278850
259320
264440
264480
262980
267960
270090
270330
283370
282860
281840
286440
307410
298020
298300
299840
312310
313190
312020
312220
311980
315680
315480
316950
317080
317720
290440
291370
289800
289820
289840
285670
288630
288690
288710
414500
295610
295990
296530
298020
298300
312310
312020
312220
311980
315680
315320
315480
313330
313190
316950
317080
317720
265240
264440
264480
262980
265770
266090
276380
302240
302250
302260
302310
305010
310640
310450
310460
306930
303820
313330
315320
322030
321310
321490
324400
330210
300510
345580
331400
331610
303710
333650
333120
345920
382240
381130
379990
391130
391410
394840
395890
367340
388500
387070
387450
388160
389460
397670
397800
396730
396530
397320
396850
399090
399100
436300
437400
440470
480780
301680
302240
302250
302260
302310
304150
304190
305010
303820
310640
310450
310460
318660
322580
322030
321310
321490
327010
426010
426560
428210
429950
433790
434150
448880
407700
409310
384930
385080
385580
385630
386320
386330
385390
378450
380570
369360
379260
393820
394010
412440
414500
413460
255500
416220
416260
418280
417730
417840
417350
417840
417350
418280
255500
283330
454560
456420
434540
458560
474780
464630
222618
258643
12600
457690
473620
350540
442000
299820
341380
378420
412560
363660
312400
446480
451210
454230
354820
385460
367990
450600
385470
389690
380790
472740
444990
463440
465960
36900
46720
60700
46760
46840
262870
262080
269430
270430
263800
267220
275310
348000
330680
328440
326650
329480
343140
343180
462070
364900
365400
365460
365750
350840
367220
367700
359160
361250
361560
361660
371790
381290
355120
385960
386110
375620
328440
465960
472740
444990
463440
404370
392890
393290
395910
355120
385960
386110
389680
397700
397360
396610
375620
375720
381290
384900
388390
387890
387110
367220
367700
359160
364900
365400
365460
365750
361250
361560
361660
371790
408440
431470
416160
418960
443070
425010
444950
446430
446440
447540
449230
450840
458820
12510
201490
250240
259910
316240
252050
273760
252910
273770
324610
378020
414580
398210
389530
210150
250720
260510
256050
273030
238870
261600
283350
316700
290650
304170
301220
310870
366960
389530
414580
314580
201510
242800
227680
267600
292630
412400
211202
211203
211204
211207
211208
71167
23455
1620
485450
901478
467430
478020
222638
38090
901553
466030
222615
29580
372340
50980
465920
256611
463120
463130
463020
465090
465190
464670
462580
466000
466010
480500
18430
10520
29560
39391
39392
901667
8780
49409
255163
338840
338440
366580
355670
382990
377220
377100
386460
374780
390040
396540
392150
394490
409420
412530
411860
296750
260309
222606
272230
322750
256576
282370
293800
317800
409420
420170
439660
438330
442860
443000
445310
446510
447330
435380
435410
450150
458410
381210
275850
219740
289070
91310
233860
39510
238070
216250
202170
233700
48900
227520
219820
25000
63620
63630
63640
250440
330020
233800
12690
33580
232450
392790
350640
33730
11180
24660
223630
233510
22140
233530
15540
256440
232810
338390
442080
441830
33750
416140
385760
360430
440630
437350
337000
390340
218980
314710
384490
438640
477870
472870
475550
476020
471630
471660
471260
471910
471920
471770
471010
467900
467320
467340
468150
459540
459630
459130
460560
460580
460630
460640
460650
460730
460780
461190
460930
460250
462770
461720
461950
461280
461390
461480
462620
466100
466350
468570
470030
469600
471630
471660
471260
471910
471920
471770
472870
475550
476020
473970
473470
473690
471010
476510
479110
475630
485130
485350
485600
483820
473610
488210
481870
482890
485360
467760
460750
226920
461410
478950
463270
470140
243240
252850
253230
251650
251230
467540
337490
347000
347170
340000
347280
347290
347330
347800
251650
226920
478950
461410
463270
463870
477750
294100
476410
285190
284080
254370
295670
485830
311260
311290
291090
485870
291690
291750
291860
301930
305720
306760
306000
351920
356400
356650
355800
355820
355460
354480
357920
357310
361300
324800
361420
362380
366870
366910
367080
366640
364500
369840
369530
369700
371650
328510
312520
312660
312200
460220
292730
319870
322190
320240
322780
325930
334350
337490
341040
339830
347800
347000
347170
348580
340000
347280
347290
347330
350050
350280
352550
352720
352890
396680
398950
411520
411610
411300
415880
415780
415530
415600
434460
434600
464340
432850
432950
436000
436230
436290
436320
435400
435530
341110
438740
438120
437390
437440
374050
423780
423950
423230
311240
423580
423650
425220
425310
425410
426240
465490
428590
427240
427570
427880
428860
428980
431640
430290
432980
432310
464340
431930
432080
432850
432950
430930
431260
434460
434600
378610
382310
381890
382880
382560
381620
375740
375810
376570
376240
373920
390500
251590
390030
392260
392280
391300
391380
391480
361420
362380
366640
371650
372160
369840
369530
369700
412150
283160
411520
411610
414700
414340
406850
406890
406970
407570
408060
464690
409350
408760
409320
409870
409890
411300
426240
427240
427570
465490
431640
432310
431930
432080
430290
415880
418460
416680
416790
419520
415530
415600
415200
415780
417020
417150
415010
418240
420060
438120
437390
437440
437570
436230
436290
436320
436000
341110
440650
441050
438740
441440
441560
439530
440550
440260
438430
438490
443590
442780
442810
434140
443790
443810
230270
440650
440260
441050
441440
441560
442780
442810
443590
230270
443250
443260
443360
445020
327070
444240
444290
434140
443790
443810
445430
436230
436290
436320
436000
435400
435530
341110
437390
437440
437570
445980
446610
446760
446800
421870
420980
421010
421960
420530
423780
423230
311240
423580
423650
419520
416680
416790
417020
417150
418240
449690
449830
428590
428860
428980
427880
425410
432980
464340
432850
432950
430930
431260
434460
434600
435400
435530
448290
449320
448940
449100
475060
449530
436240
447960
455960
455830
456670
456740
456780
457210
457380
457440
457450
457570
458330
458450
458520
458680
459090
