570
730
271590
364360
379720
255710
428690
359550
230410
440
281990
411830
346110
252950
374320
236390
413150
298630
252490
4000
407330
361280
377160
282070
238960
264710
372000
292030
253250
427520
391540
107410
105600
226320
8930
72850
285900
431240
50130
242760
386360
385380
433340
269170
359870
227940
306130
286160
210970
221100
391220
387990
239820
235210
236870
205890
251570
326460
550
304050
39210
433850
10090
322330
389430
393380
620
241600
311690
407810
311210
270880
324160
47890
388210
367500
446390
365590
427730
287700
268500
323370
283640
341800
394360
221380
233450
220200
233720
49520
322770
373420
284160
240
218230
254320
230290
301520
239140
378120
380220
22330
211420
263280
436560
322500
105450
10180
211820
218620
334230
244850
22380
377840
319630
327890
250900
403190
219990
335300
413420
296970
48700
412740
209080
370240
9900
383150
376210
109600
413410
418650
242860
400
427250
4700
4780
386940
346010
214950
394690
274500
227300
222880
383870
437220
304930
257850
200710
298560
17390
261640
204360
291550
235540
262060
423620
467960
108600
316010
339800
453090
234630
7940
205100
202970
295110
313160
332310
333930
397460
380750
2700
239030
274190
270130
388880
213670
457960
313120
221910
305620
291480
10
17440
383120
252870
371970
388060
387290
450540
265930
47410
314160
246620
238320
8800
24980
291650
212680
34330
420
220
47810
393420
375820
236850
242920
285310
323850
70000
363680
238460
32470
339610
253710
22320
374040
203770
427760
22330
266840
200510
282140
241930
42680
376870
33230
500
453750
42700
200210
359320
448240
80
244160
237310
35450
4580
234510
310560
6060
250760
320300
322170
281610
203160
3720
22380
323470
10500
4560
312530
477270
269770
33900
33930
290340
397340
2300
2280
2290
9160
368500
16810
3900
3990
17460
287450
252470
332800
281640
268650
451520
429050
212500
380
418340
207140
323220
17410
242680
34030
438040
285330
234140
349040
223100
284850
212070
24200
207610
244450
459820
39140
362680
201271
339600
232090
412050
331670
208200
461910
402430
40800
244210
458470
221680
363970
238010
380670
70
7020
228280
200260
409660
289130
57300
22370
383980
12120
290300
287980
282900
330830
219640
425720
1250
8870
400760
225540
428370
8980
400910
4570
9310
9450
388090
2200
2310
371660
24720
247080
355050
451840
226840
238090
63380
3730
354140
39120
212480
261180
257510
448280
346900
3590
204530
24960
311560
288470
420930
428550
362890
35140
313630
333600
251060
247910
315460
351970
319510
13240
234330
222730
9420
302510
394510
208580
113200
102500
55230
391720
287370
365820
298110
346470
410340
226860
20900
250320
381120
306020
32370
366440
2620
2630
2640
433950
7670
298050
274940
264200
38410
270150
383180
423490
296470
4760
337320
206440
219150
48000
204880
301320
332200
405310
420110
47780
25890
300060
206420
17470
24980
293780
99900
220240
287390
286690
215280
388750
316720
434570
327090
41700
311310
422970
324080
19680
280520
56400
24780
254700
32360
32460
13230
204450
446620
302670
237930
39150
266410
15620
441790
6910
457320
453340
361990
22300
261030
208140
248610
477730
356040
300570
235600
362490
20920
405640
246900
24790
217200
50
225080
342560
263760
42960
411370
201790
288160
8500
278360
237740
17480
7200
15100
279800
219890
446020
464620
364420
239250
359390
272270
252110
389570
234650
219910
220740
12900
21690
237990
362620
6020
293760
250110
345350
107100
265610
280220
321040
211500
242050
285920
246420
346940
300550
48190
276810
38400
38420
110800
304030
214560
260750
296490
369550
224060
271240
268750
18500
368230
300
2320
2350
9030
9040
236430
260230
345610
40970
268420
218680
376300
335240
248820
235800
405820
353270
370360
249130
266010
327860
420100
232890
40960
329130
3830
15390
22100
402840
378720
8850
200900
2600
22120
449300
203140
35720
303210
48720
248390
200170
4500
236110
20570
253750
218410
350080
304240
367450
360740
335000
50300
261570
332570
15710
113020
207170
7760
385800
419480
359050
298030
247020
224760
431450
236090
94300
204030
220780
245620
406290
55150
231160
312780
347620
214490
314230
45760
329050
237110
20540
9340
78000
394230
12200
266510
232910
373390
394310
32440
40100
70400
431180
345180
241260
321410
386690
274170
406150
9350
233610
242700
356570
49600
40700
434650
102600
206190
257350
457860
13210
312370
20510
231430
317850
251290
361800
250500
233130
265000
35700
365450
3920
42910
292780
292800
294660
310360
369390
3910
272600
221640
351510
341000
304650
227000
283920
283960
283980
230190
249050
294670
312450
312450
236450
367580
4920
40950
371520
70300
3200
466170
32510
39680
304410
98800
268400
8190
209000
57690
320
310510
375230
270210
339350
6000
32400
6030
363360
41050
63910
3170
402180
331600
207690
248310
370910
301650
421050
431600
273840
219780
39200
342200
307690
282440
339340
222940
426000
15190
433910
208650
268870
368340
47880
111600
207350
315810
207320
294860
215080
285440
467930
258520
13560
330770
285740
255390
271900
265890
234670
272040
249870
224820
224980
225300
225320
35130
94200
242550
318130
224480
405900
410820
301120
228880
262000
319250
370540
326410
235460
242640
450670
445110
345390
439190
321800
237850
266390
55140
462000
415480
310950
397060
213610
9050
227100
322110
280720
4540
4550
330390
370460
278080
218090
12100
363520
12110
371200
251150
377530
377900
306660
318600
259060
10150
414120
200940
216890
201870
222750
402620
223470
448370
442500
300380
24740
292910
345820
416590
293260
387340
296710
213120
213330
19830
365810
270450
288140
39500
65540
25900
252030
6850
6860
247430
225260
257170
240760
95400
12810
41070
365190
220440
354240
201700
390520
223670
446380
244430
385560
17330
230070
314660
250620
391730
11450
12710
316790
6010
6040
11140
11190
205650
245170
221040
365160
339400
340150
368370
21090
402310
211340
248330
452420
44350
277430
205190
233980
359310
414190
352400
282800
256290
324260
15210
375530
329110
280790
334420
8000
2270
382140
420440
24240
204100
232010
424280
630
351640
302380
312990
407900
371100
248860
285160
251990
251470
214170
433100
214730
398100
216260
375200
333300
47870
425210
20530
342380
243970
434000
228300
31170
397430
221540
311340
251430
282010
282030
13570
247307
70600
368640
201810
211600
333980
428750
259570
257750
108710
369990
210770
296570
10680
365360
252330
414510
50620
108800
17300
67370
239350
73170
450110
239120
357340
46480
311010
223830
6220
2990
390670
99910
396650
461700
331500
351480
22130
327670
410110
31280
421120
221260
233270
329190
203350
290060
204300
15320
9010
421040
244710
275100
307580
273750
314180
15370
394970
92800
398850
34010
340490
2330
280
379980
243800
21980
130
251270
329860
332380
306040
399670
4850
4870
15170
303290
94400
455980
458830
312750
2210
431590
411960
313480
326480
394130
344240
359380
2360
31220
8200
251210
402570
205840
58560
58570
115100
65800
317250
265210
427030
411000
364380
24810
395850
438270
9000
218640
13500
20
3980
412770
345240
6300
2100
388320
221810
325730
232790
230860
337850
20500
314020
42670
454060
64000
108200
282590
337930
421910
239070
265590
231740
6420
208090
340050
312980
340730
398170
345200
384630
228760
399820
12360
19800
250520
206500
323580
257730
392950
204340
351100
337680
353540
225280
22600
214510
368650
250560
251730
234080
290730
392470
416210
321270
310080
375480
26800
392580
324650
269690
3700
401680
6830
222480
12750
224960
449540
275200
271290
466870
6800
1510
1530
241410
289950
267530
12500
250180
9870
377670
42850
30
337820
205950
351700
253030
339200
266130
343780
2820
253110
15700
386260
340360
22230
312840
251130
17450
107200
312610
3320
348470
213850
33770
1520
97130
414720
240970
358090
270550
6310
324570
7620
231200
13250
23530
415740
42650
435030
334210
328080
220260
301640
359960
410380
454100
461840
242840
11610
41900
22180
33210
7830
324680
433530
238210
215530
373180
368360
205020
215160
323610
7000
381780
241910
429720
233290
321290
248570
282560
31290
46500
46510
328070
42890
263980
230700
97330
284460
431250
348820
335670
49470
403950
2400
440880
23490
343100
382380
2390
9060
353640
16450
33520
234710
271970
353090
402260
336440
252550
397350
222440
365350
3330
3300
25800
45700
40300
243200
269490
211400
324140
264160
457010
211740
44690
8790
356430
239430
277450
208670
323380
23400
400160
270270
65980
23310
331460
277890
297120
322210
12640
61700
429470
274900
319850
7660
214340
314410
70210
278910
263620
434730
32620
32630
250400
226620
253690
252410
389170
274480
1300
261510
329460
331390
32670
243120
469730
463550
279900
352520
448540
242880
420840
295790
97000
71000
98200
368080
275180
245450
1200
461640
389050
418070
15300
263060
91700
323320
219830
368730
360170
80330
482120
246580
107300
270850
332490
274520
407300
249330
305840
355860
373770
381020
327060
235360
242780
379210
212160
33100
33130
33120
263740
12140
12150
452060
318230
216090
259680
321980
420550
304950
353700
243040
13600
257030
358750
56438
446120
410890
320140
430960
351860
351870
246840
390610
269790
1700
252630
17100
311720
399600
266230
349220
263200
320760
11280
260530
395420
358130
15750
432010
428880
377860
287371
283940
294530
294540
318530
284390
225160
43100
285820
80340
80350
80360
6980
346730
262790
402330
63500
444720
365960
402630
8400
364390
290080
24420
383790
25990
327880
330840
43190
434020
313340
251630
256410
418910
204180
3480
3540
384110
247350
45100
262260
370020
386930
269050
40
348550
241240
243360
373970
38450
203630
284050
312720
293520
38460
366000
209370
93200
96100
247240
292840
292860
292260
294650
294680
294690
294710
294720
237760
299030
416550
448020
302590
233740
39540
71340
273500
344740
337150
9760
47730
259130
317030
32760
403830
384310
432250
348710
262410
200910
219600
364270
296240
410710
208750
382050
252670
96000
223220
94590
262470
15120
426930
250700
65300
254460
363420
288060
63710
313500
269030
353560
71240
385240
412670
287020
329490
233350
333640
284000
330100
402530
345430
339440
336080
352780
223330
302790
210550
324710
402040
40720
31270
246960
263300
385250
203750
339910
41500
314070
41060
293440
299070
250260
355980
90200
204060
327400
335190
284770
408280
403940
334560
350910
16600
253290
414290
366040
369290
435120
403180
435300
209190
13520
363980
201290
336300
378660
253790
313740
91600
254440
282760
290260
284730
18820
284830
382260
65270
12320
72200
236930
245390
437530
208400
314450
305050
310060
419460
207490
9180
461230
327410
339190
350740
3620
280540
333250
251110
107310
263880
414660
227580
418950
393430
346560
364930
340120
4900
243450
7650
216110
314010
418190
234160
342280
3310
283080
357070
444940
340580
390730
340300
340310
263320
43110
6370
336610
259600
8890
377080
259740
224500
288930
390290
263020
70620
350070
249630
257790
222980
468490
363330
3710
433000
289300
251770
41000
235320
377870
220860
271550
307670
418300
25830
320610
20820
270010
398710
434030
301970
259550
233470
384500
375960
440540
356180
204240
319560
32340
281690
350600
342300
35000
230050
268320
348240
432020
308420
254480
288120
280600
340520
460160
290890
366250
297490
104200
426330
421260
115110
239090
347830
292990
401360
270790
317510
244730
40400
375950
322080
335100
319480
351990
98400
21000
9940
394680
303550
6080
254960
399780
319450
402120
38720
259410
244870
57000
104600
436530
346850
310790
381100
394220
431710
400660
408000
359040
365900
3020
205910
400450
375130
463210
301150
397740
312300
356260
25600
25620
428900
378110
15130
423120
371450
423320
237430
356000
70900
229480
340830
314320
57640
318330
8600
346970
342620
439250
473490
61520
351490
33600
262940
300300
383230
280910
286280
461010
4800
275670
208500
421810
210870
386520
224460
102840
63200
245280
318970
399070
266210
324470
416640
298360
468800
451920
347430
396890
343370
377690
37600
351710
271820
335920
420740
386420
311190
384280
227600
410670
394870
479260
300260
236730
428180
415240
429330
2610
335070
98300
331720
338170
278460
330820
414080
315840
280180
391170
397780
415400
411560
266110
303680
385330
294810
407290
344440
347940
457680
299540
431560
200960
233310
330460
485690
250050
237630
342580
279940
396480
448470
4720
304290
45450
259510
25910
219950
416110
38440
304500
307230
441680
434290
200010
434260
421700
61500
315600
10130
262550
389510
322680
344340
287260
377520
298400
211780
415030
266940
439920
327220
286500
286540
439910
233150
113400
388800
295690
302120
302130
32680
275390
220820
330720
374410
223810
363410
415850
377880
253150
222640
221180
282530
396790
434410
251490
415960
286320
338930
357330
260790
247140
364050
386080
214770
287960
348490
369580
99300
341090
273600
207750
208600
301300
356050
269650
303590
365770
371010
353330
204630
293660
378750
6400
12330
317320
351940
274270
261700
400790
15310
296010
207530
306640
299740
281860
283820
283840
312540
427820
317040
207080
313810
336130
304910
349320
203650
365660
228960
411080
351230
251870
315430
322290
383930
223000
356530
399640
45500
265690
382090
29180
421880
319320
403700
251530
252170
343090
294750
320840
287070
218060
229870
249590
45400
17710
262390
214830
227080
18050
305380
234390
463710
40350
207040
233550
294440
70640
441280
252290
366220
297060
425670
463100
341150
305780
401810
385710
91200
338190
234920
331440
329970
260190
6200
214790
209830
343440
434210
290770
205870
328270
406130
209790
314030
262960
301200
312010
32450
260570
396640
278570
409920
203830
298600
209230
209950
368610
380150
412520
361040
397270
221830
58200
377600
355530
203990
390660
294230
6120
214970
2910
269250
47540
235820
252310
18120
337270
318310
286460
286480
209630
371500
257080
270630
367570
289760
242820
38740
215710
345080
293680
343560
210950
284260
294000
22000
326840
246920
239700
328760
38600
310490
312630
26000
370280
324810
285800
234900
297760
252750
263400
202690
313020
392000
337480
429610
255870
252010
15400
351090
386900
25700
323670
40380
367020
303430
336150
214590
377710
306550
107600
354400
269670
415420
337960
223730
461880
310740
409100
378930
372690
253390
351470
444640
350780
209060
406870
357300
372210
354680
252070
283680
348860
415610
285070
316480
395570
250640
3390
243220
386070
280440
370770
298520
418120
71260
310700
248550
284710
298930
224300
341680
61730
249950
252710
405010
6090
301560
248190
367110
18020
18000
433920
298280
311800
360650
227220
92200
268220
344770
316080
18040
392070
361360
360620
327930
421630
357720
55000
23460
205230
22200
211260
287840
365210
408650
262590
426690
18420
384000
262240
284790
284810
324070
290040
352140
412130
219190
358270
416770
102810
313400
300400
202070
292500
284870
442210
72000
278890
339510
99700
404690
454690
32160
326150
293880
461890
323490
232970
252890
38430
332250
34410
267360
302610
302690
217290
390890
227200
269230
321830
362090
26900
358070
39800
296550
368160
91100
284750
285840
409730
80310
283290
325060
274350
359400
259490
347670
444220
345860
12210
293240
40320
318430
220090
417860
409450
297110
358770
366970
332400
235250
403510
288040
395500
341730
433190
239800
438080
213030
342530
369420
411570
262190
32150
396230
396860
263820
332610
332830
107800
459100
286240
299720
351250
51060
38700
316600
411760
57200
384090
269270
302490
311480
327260
323460
367000
302710
396310
280930
327950
396800
218660
335790
111100
249680
305920
339160
244810
352610
333260
352070
207380
257690
272330
321560
328470
405970
345120
265170
347590
387240
319550
259530
292600
342350
344860
358960
357780
284950
274700
303940
361850
359920
269330
340340
360640
371180
378850
404550
377660
