570
730
271590
364360
379720
255710
428690
359550
230410
440
281990
411830
346110
252950
374320
236390
413150
298630
252490
4000
407330
361280
377160
282070
238960
264710
372000
292030
253250
427520
391540
107410
105600
226320
8930
72850
285900
431240
50130
242760
386360
385380
433340
269170
359870
227940
306130
286160
210970
221100
391220
387990
239820
235210
236870
205890
251570
326460
550
304050
39210
433850
10090
322330
389430
393380
620
241600
311690
407810
311210
270880
324160
47890
388210
367500
446390
365590
427730
287700
268500
323370
283640
341800
394360
221380
233450
220200
233720
49520
322770
373420
284160
240
218230
254320
230290
301520
239140
378120
380220
22330
211420
263280
436560
322500
105450
10180
211820
218620
334230
244850
22380
377840
319630
327890
250900
403190
219990
335300
413420
296970
48700
412740
209080
370240
9900
383150
376210
109600
413410
418650
242860
400
427250
4700
4780
386940
346010
214950
394690
274500
227300
222880
383870
437220
304930
257850
200710
298560
17390
261640
204360
291550
235540
262060
423620
467960
108600
316010
339800
453090
234630
7940
205100
202970
295110
313160
332310
333930
397460
380750
2700
239030
274190
270130
388880
213670
457960
313120
221910
305620
291480
10
17440
383120
252870
371970
388060
387290
450540
265930
47410
314160
246620
238320
8800
24980
291650
212680
34330
420
220
47810
393420
375820
236850
242920
285310
323850
70000
363680
238460
32470
339610
253710
22320
374040
203770
427760
22330
266840
200510
282140
241930
42680
376870
33230
500
453750
42700
200210
359320
448240
80
244160
237310
35450
4580
234510
310560
6060
250760
320300
322170
281610
203160
3720
22380
323470
10500
4560
312530
477270
269770
33900
33930
290340
397340
2300
2280
2290
9160
368500
16810
3900
3990
17460
287450
252470
332800
281640
268650
451520
429050
212500
380
418340
207140
323220
17410
242680
34030
438040
285330
234140
349040
223100
284850
212070
24200
207610
244450
459820
39140
362680
201271
339600
232090
412050
331670
208200
461910
402430
40800
244210
458470
221680
363970
238010
380670
70
7020
228280
200260
409660
289130
57300
22370
383980
12120
290300
287980
282900
330830
219640
425720
1250
8870
400760
225540
428370
8980
400910
4570
9310
9450
388090
2200
2310
371660
24720
247080
355050
451840
226840
238090
63380
3730
354140
39120
212480
261180
257510
448280
346900
3590
204530
24960
311560
288470
420930
428550
362890
35140
313630
333600
251060
247910
315460
351970
319510
13240
234330
222730
9420
302510
394510
208580
113200
102500
55230
391720
287370
365820
298110
346470
410340
226860
20900
250320
381120
306020
32370
366440
2620
2630
2640
433950
7670
298050
274940
264200
38410
270150
383180
423490
296470
4760
337320
206440
219150
48000
204880
301320
332200
405310
420110
47780
25890
300060
206420
17470
24980
293780
99900
220240
287390
286690
215280
388750
316720
434570
327090
41700
311310
422970
324080
19680
280520
56400
24780
254700
32360
32460
13230
204450
446620
302670
237930
39150
266410
15620
441790
6910
457320
453340
361990
22300
261030
208140
248610
477730
356040
300570
235600
362490
20920
405640
246900
24790
217200
50
225080
342560
263760
42960
411370
201790
288160
8500
278360
237740
17480
7200
15100
279800
219890
446020
464620
364420
239250
359390
272270
252110
389570
234650
219910
220740
12900
21690
237990
362620
6020
293760
250110
345350
107100
265610
280220
321040
211500
242050
285920
246420
346940
300550
48190
276810
38400
38420
110800
304030
214560
260750
296490
369550
224060
271240
268750
18500
368230
300
2320
2350
9030
9040
236430
260230
345610
40970
268420
218680
376300
335240
248820
235800
405820
353270
370360
249130
266010
327860
420100
232890
40960
329130
3830
15390
22100
402840
378720
8850
200900
2600
22120
449300
203140
35720
303210
48720
248390
200170
4500
236110
20570
253750
218410
350080
304240
367450
360740
335000
50300
261570
332570
15710
113020
207170
7760
385800
419480
359050
298030
247020
224760
431450
236090
94300
204030
220780
245620
406290
55150
231160
312780
347620
214490
314230
45760
329050
237110
20540
9340
78000
394230
12200
266510
232910
373390
394310
32440
40100
70400
431180
345180
241260
321410
386690
274170
406150
9350
233610
242700
356570
49600
40700
434650
102600
206190
257350
457860
13210
312370
20510
231430
317850
251290
361800
250500
233130
265000
35700
365450
3920
42910
292780
292800
294660
310360
369390
3910
272600
221640
351510
341000
304650
227000
283920
283960
283980
230190
249050
294670
312450
312450
236450
367580
4920
40950
371520
70300
3200
466170
32510
39680
304410
98800
268400
8190
209000
57690
320
310510
375230
270210
339350
6000
32400
6030
363360
41050
63910
3170
402180
331600
207690
248310
370910
301650
421050
431600
273840
219780
39200
342200
307690
282440
339340
222940
426000
15190
433910
208650
268870
368340
47880
111600
207350
315810
207320
294860
215080
285440
467930
258520
13560
330770
285740
255390
271900
265890
234670
272040
249870
224820
224980
225300
225320
35130
94200
242550
318130
224480
405900
410820
301120
228880
262000
319250
370540
326410
235460
242640
450670
445110
345390
439190
321800
237850
266390
55140
462000
415480
310950
397060
213610
9050
227100
322110
280720
4540
4550
330390
370460
278080
218090
12100
363520
12110
371200
251150
377530
377900
306660
318600
259060
10150
414120
200940
216890
201870
222750
402620
223470
448370
442500
300380
24740
292910
345820
416590
293260
387340
296710
213120
213330
19830
365810
270450
288140
39500
65540
25900
252030
6850
6860
247430
225260
257170
240760
95400
12810
41070
365190
220440
354240
201700
390520
223670
446380
244430
385560
17330
230070
314660
250620
391730
11450
12710
316790
6010
6040
11140
11190
205650
245170
221040
365160
339400
340150
368370
21090
402310
211340
248330
452420
44350
277430
205190
233980
359310
414190
352400
282800
256290
324260
15210
375530
329110
280790
334420
8000
2270
382140
420440
24240
204100
232010
424280
630
351640
302380
312990
407900
371100
248860
285160
251990
251470
214170
433100
214730
398100
216260
375200
333300
47870
425210
20530
342380
243970
434000
228300
31170
397430
221540
311340
251430
282010
282030
13570
247307
70600
368640
201810
211600
333980
428750
259570
257750
108710
369990
210770
296570
10680
365360
252330
414510
50620
108800
17300
67370
239350
73170
450110
239120
357340
46480
311010
223830
6220
2990
390670
99910
396650
461700
331500
351480
22130
327670
410110
31280
421120
221260
233270
329190
203350
290060
204300
15320
9010
421040
244710
275100
307580
273750
314180
15370
394970
92800
398850
34010
340490
2330
280
379980
243800
21980
130
251270
329860
332380
306040
399670
4850
4870
15170
303290
94400
455980
458830
312750
2210
431590
411960
313480
326480
394130
344240
359380
2360
31220
8200
251210
402570
205840
58560
58570
115100
65800
317250
265210
427030
411000
364380
24810
395850
438270
9000
218640
13500
20
3980
412770
345240
6300
2100
388320
221810
325730
232790
230860
337850
20500
314020
42670
454060
64000
108200
282590
337930
421910
239070
265590
231740
6420
208090
340050
312980
340730
398170
345200
384630
228760
399820
12360
19800
250520
206500
323580
257730
392950
204340
351100
337680
353540
225280
22600
214510
368650
250560
251730
234080
290730
392470
416210
321270
310080
375480
26800
392580
324650
269690
3700
401680
6830
222480
12750
224960
449540
275200
271290
466870
6800
1510
1530
241410
289950
267530
12500
250180
9870
377670
42850
30
337820
205950
351700
253030
339200
266130
343780
2820
253110
15700
386260
340360
22230
312840
251130
17450
107200
312610
3320
348470
213850
33770
1520
97130
414720
240970
358090
270550
6310
324570
7620
231200
13250
23530
415740
42650
435030
334210
328080
220260
301640
359960
410380
454100
461840
242840
11610
41900
22180
33210
7830
324680
433530
238210
215530
373180
368360
205020
215160
323610
7000
381780
241910
429720
233290
321290
248570
282560
31290
46500
46510
328070
42890
263980
230700
97330
284460
431250
348820
335670
49470
403950
2400
440880
23490
343100
382380
2390
9060
353640
16450
33520
234710
271970
353090
402260
336440
252550
397350
222440
365350
3330
3300
25800
45700
40300
243200
269490
211400
324140
264160
457010
211740
44690
8790
356430
239430
277450
208670
323380
23400
400160
270270
65980
23310
331460
277890
297120
322210
12640
61700
429470
274900
319850
7660
214340
314410
70210
278910
263620
434730
32620
32630
250400
226620
253690
252410
389170
274480
1300
261510
329460
331390
32670
243120
469730
463550
279900
352520
448540
242880
420840
295790
97000
71000
98200
368080
275180
245450
1200
461640
389050
418070
15300
263060
91700
323320
219830
368730
360170
80330
482120
246580
107300
270850
332490
274520
407300
249330
305840
355860
373770
381020
327060
235360
242780
379210
212160
33100
33130
33120
263740
12140
12150
452060
318230
216090
259680
321980
420550
304950
353700
243040
13600
257030
358750
56438
446120
410890
320140
430960
351860
351870
246840
390610
269790
1700
252630
17100
311720
399600
266230
349220
263200
320760
11280
260530
395420
358130
15750
432010
428880
377860
287371
283940
294530
294540
318530
284390
225160
43100
285820
80340
80350
80360
6980
346730
262790
402330
63500
444720
365960
402630
8400
364390
290080
24420
383790
25990
327880
330840
43190
434020
313340
251630
256410
418910
204180
3480
3540
384110
247350
45100
262260
370020
386930
269050
40
348550
241240
243360
373970
38450
203630
284050
312720
293520
38460
366000
209370
93200
96100
247240
292840
292860
292260
294650
294680
294690
294710
294720
237760
299030
416550
448020
302590
233740
39540
71340
273500
344740
337150
9760
47730
259130
317030
32760
403830
384310
432250
348710
262410
200910
219600
364270
296240
410710
208750
382050
252670
96000
223220
94590
262470
15120
426930
250700
65300
254460
363420
288060
63710
313500
269030
353560
71240
385240
412670
287020
329490
233350
333640
284000
330100
402530
345430
339440
336080
352780
223330
302790
210550
324710
402040
40720
31270
246960
263300
385250
203750
339910
41500
314070
41060
293440
299070
250260
355980
90200
204060
327400
335190
284770
408280
403940
334560
350910
16600
253290
414290
366040
369290
435120
403180
435300
209190
13520
363980
201290
336300
378660
253790
313740
91600
254440
282760
290260
284730
18820
284830
382260
65270
12320
72200
236930
245390
437530
208400
314450
305050
310060
419460
207490
9180
461230
327410
339190
350740
3620
280540
333250
251110
107310
263880
414660
227580
418950
393430
346560
364930
340120
4900
243450
7650
216110
314010
418190
234160
342280
3310
283080
357070
444940
340580
390730
340300
340310
263320
43110
6370
336610
259600
8890
377080
259740
224500
288930
390290
263020
70620
350070
249630
257790
222980
468490
363330
3710
433000
289300
251770
41000
235320
377870
220860
271550
307670
418300
25830
320610
20820
270010
398710
434030
301970
259550
233470
384500
375960
440540
356180
204240
319560
32340
281690
350600
342300
35000
230050
268320
348240
432020
308420
254480
288120
280600
340520
460160
290890
366250
297490
104200
426330
421260
115110
239090
347830
292990
401360
270790
317510
244730
40400
375950
322080
335100
319480
351990
98400
21000
9940
394680
303550
6080
254960
399780
319450
402120
38720
259410
244870
57000
104600
436530
346850
310790
381100
394220
431710
400660
408000
359040
365900
3020
205910
400450
375130
463210
301150
397740
312300
356260
25600
25620
428900
378110
15130
423120
371450
423320
237430
356000
70900
229480
340830
314320
57640
318330
8600
346970
342620
439250
473490
61520
351490
33600
262940
300300
383230
280910
286280
461010
4800
275670
208500
421810
210870
386520
224460
102840
63200
245280
318970
399070
266210
324470
416640
298360
468800
451920
347430
396890
343370
377690
37600
351710
271820
335920
420740
386420
311190
384280
227600
410670
394870
479260
300260
236730
428180
415240
429330
2610
335070
98300
331720
338170
278460
330820
414080
315840
280180
391170
397780
415400
411560
266110
303680
385330
294810
407290
344440
347940
457680
299540
431560
200960
233310
330460
485690
250050
237630
342580
279940
396480
448470
4720
304290
45450
259510
25910
219950
416110
38440
304500
307230
441680
434290
200010
434260
421700
61500
315600
10130
262550
389510
322680
344340
287260
377520
298400
211780
415030
266940
439920
327220
286500
286540
439910
233150
113400
388800
295690
302120
302130
32680
275390
220820
330720
374410
223810
363410
415850
377880
253150
222640
221180
282530
396790
434410
251490
415960
286320
338930
357330
260790
247140
364050
386080
214770
287960
348490
369580
99300
341090
273600
207750
208600
301300
356050
269650
303590
365770
371010
353330
204630
293660
378750
6400
12330
317320
351940
274270
261700
400790
15310
296010
207530
306640
299740
281860
283820
283840
312540
427820
317040
207080
313810
336130
304910
349320
203650
365660
228960
411080
351230
251870
315430
322290
383930
223000
356530
399640
45500
265690
382090
29180
421880
319320
403700
251530
252170
343090
294750
320840
287070
218060
229870
249590
45400
17710
262390
214830
227080
18050
305380
234390
463710
40350
207040
233550
294440
70640
441280
252290
366220
297060
425670
463100
341150
305780
401810
385710
91200
338190
234920
331440
329970
260190
6200
214790
209830
343440
434210
290770
205870
328270
406130
209790
314030
262960
301200
312010
32450
260570
396640
278570
409920
203830
298600
209230
209950
368610
380150
412520
361040
397270
221830
58200
377600
355530
203990
390660
294230
6120
214970
2910
269250
47540
235820
252310
18120
337270
318310
286460
286480
209630
371500
257080
270630
367570
289760
242820
38740
215710
345080
293680
343560
210950
284260
294000
22000
326840
246920
239700
328760
38600
310490
312630
26000
370280
324810
285800
234900
297760
252750
263400
202690
313020
392000
337480
429610
255870
252010
15400
351090
386900
25700
323670
40380
367020
303430
336150
214590
377710
306550
107600
354400
269670
415420
337960
223730
461880
310740
409100
378930
372690
253390
351470
444640
350780
209060
406870
357300
372210
354680
252070
283680
348860
415610
285070
316480
395570
250640
3390
243220
386070
280440
370770
298520
418120
71260
310700
248550
284710
298930
224300
341680
61730
249950
252710
405010
6090
301560
248190
367110
18020
18000
433920
298280
311800
360650
227220
92200
268220
344770
316080
18040
392070
361360
360620
327930
421630
357720
55000
23460
205230
22200
211260
287840
365210
408650
262590
426690
18420
384000
262240
284790
284810
324070
290040
352140
412130
219190
358270
416770
102810
313400
300400
202070
292500
284870
442210
72000
278890
339510
99700
404690
454690
32160
326150
293880
461890
323490
232970
252890
38430
332250
34410
267360
302610
302690
217290
390890
227200
269230
321830
362090
26900
358070
39800
296550
368160
91100
284750
285840
409730
80310
283290
325060
274350
359400
259490
347670
444220
345860
12210
293240
40320
318430
220090
417860
409450
297110
358770
366970
332400
235250
403510
288040
395500
341730
433190
239800
438080
213030
342530
369420
411570
262190
32150
396230
396860
263820
332610
332830
107800
459100
286240
299720
351250
51060
38700
316600
411760
57200
384090
269270
302490
311480
327260
323460
367000
302710
396310
280930
327950
396800
218660
335790
111100
249680
305920
339160
244810
352610
333260
352070
207380
257690
272330
321560
328470
405970
345120
265170
347590
387240
319550
259530
292600
342350
344860
358960
357780
284950
274700
303940
361850
359920
269330
340340
360640
371180
378850
404550
377660
394850
33680
444800
304670
207570
61600
409560
252130
259780
290380
349680
233410
258890
37400
397690
205730
418040
326720
467460
347510
90400
296870
467560
392020
238530
384990
301190
340270
280010
280560
375120
341550
409380
286380
399890
415350
48950
369560
300340
248970
264220
294140
333760
431910
411120
454190
449440
342490
293900
384680
387840
270810
395170
357650
264080
355270
346180
340280
263100
317710
332480
289200
277680
262280
244770
344760
443800
453300
451400
42980
482300
330420
29570
321960
238370
341940
292240
467380
463000
8230
8340
21780
12170
12180
16300
15270
22500
26500
29130
11330
3483
44100
6250
109200
92220
58230
92210
65710
62000
50000
95700
204390
204440
108500
206250
206370
206690
205830
35320
222660
229890
233190
244950
33650
47000
116120
201420
105800
203510
203560
202730
203210
202410
211010
211180
211360
211900
212030
15520
40930
46600
31700
41300
34030
45000
62100
63700
91800
94620
49810
63000
99200
220460
218740
219200
17740
204120
208860
207400
214610
212050
216290
238050
235980
241760
243140
240340
241320
239660
239720
17580
211440
248730
252970
251830
251370
253310
253350
254880
96400
264380
272060
342980
336090
336110
337940
338120
337350
337280
346250
346770
346810
24860
345060
344630
348620
331510
331190
328730
333870
326120
330180
329320
330370
329690
332390
332410
332620
344480
343730
343740
343840
338760
340800
341120
340770
339120
339130
339570
300280
302750
301920
213650
250380
307590
306700
307010
307070
17580
211440
255300
254880
251370
259810
259870
266250
266490
264690
279540
293740
292880
271920
294160
294460
55040
361830
360550
360840
39000
91900
255340
262450
370070
369400
370920
370480
371300
371550
368830
368950
205070
252150
255520
271670
373750
381870
380140
380840
383460
329240
378300
377430
377330
376560
377760
379530
362810
378080
386050
386560
385590
386350
375030
375250
383960
388420
396060
397940
397570
398460
17570
398980
284890
339790
325370
327310
327370
327740
286100
330370
332390
332410
330180
331510
331190
325090
325120
329320
329690
326120
337350
336090
337280
336110
339120
339130
339570
338760
350970
295750
296930
297210
297290
297370
297590
311870
312510
312230
311930
315830
213650
250380
307590
314470
313470
313730
264690
264060
264340
264560
263380
263460
266250
266490
17570
398980
398460
205070
252150
255520
271670
373750
329240
362810
378080
386050
386560
385590
386350
17080
388620
391250
392450
397570
397940
400580
375030
375250
376560
257990
268240
275290
275470
285980
286260
285420
283880
286660
286770
288220
293740
294160
292880
282100
290320
271920
294460
306700
307010
307070
298180
307340
299660
300280
301380
301460
302750
301920
308440
308580
316610
316660
319270
319400
319470
320150
321190
321920
321480
327310
327370
327740
396900
380600
431540
428870
429300
429940
317360
338000
345650
346120
360870
382490
383080
385770
405950
409670
414070
449680
447270
450220
450390
449020
263560
409160
469990
438680
227780
438140
439940
437900
340
212800
226980
230820
265630
412310
436110
391270
11020
202090
223710
224260
225840
313690
331470
336420
436820
387860
404410
421670
423880
416690
258910
259080
206210
230230
241540
338000
345650
346120
360870
382490
383080
385770
405950
409670
414070
449680
428870
429300
429940
391270
449020
450220
450390
396900
380600
458000
466500
292180
325610
255320
314810
382900
449250
464470
448080
243470
435490
321360
436280
226580
466800
454530
289650
292120
458380
307780
2340
344850
208480
345480
287900
317280
4770
8260
360940
485490
467910
463980
224600
310380
397160
476880
429830
42900
381310
329040
446000
238260
444130
97110
97120
470590
456980
273110
34272
34273
34274
34275
34276
34277
34278
34279
34280
34281
34282
34284
34285
34286
34287
34288
34289
34310
34311
34312
34313
34314
211200
211201
211205
211206
211209
34315
34316
34318
34319
71110
71111
71113
71114
71115
71116
71117
71118
71119
71120
71160
71161
71162
71163
71164
71165
71166
71168
436940
486630
485220
19900
32800
391550
340210
476920
371670
206480
409390
447200
404040
443450
287290
448400
386490
44680
359840
63650
463290
41014
406410
456540
308173
465130
319080
485500
443420
429570
451000
402800
485860
435260
439960
404180
316260
245430
412880
483970
353980
411320
461500
444590
321400
366690
377450
409910
230330
17120
371530
284020
294550
294570
467090
32740
405550
375910
432720
471170
25808
38170
372350
372490
458370
480480
485560
263940
317020
463850
453680
38080
338040
422860
451870
352580
485330
476490
254820
254840
297000
456830
342130
444020
104900
234350
392970
461210
22470
339460
463930
445600
464900
414810
398000
397330
327390
31830
368800
15380
254200
31860
328000
429520
375900
283270
435800
466420
214870
39640
376880
459680
464360
361380
348300
467390
398250
470440
425150
435460
376760
376770
359940
407340
349240
361950
244930
396930
456720
483260
443630
366270
36100
36130
36150
36270
418360
340400
428100
444710
347470
385730
428230
399700
431850
485310
437520
377460
446910
476240
373470
216150
436220
433590
371430
429680
479000
362130
358410
383690
416240
368890
473140
424020
366260
450140
405000
21130
386290
386880
466820
386750
368250
339110
359630
411750
333950
391510
372940
355920
451100
467950
451100
441920
467950
370550
373600
373610
373620
373630
302970
365260
291770
412270
400170
403130
416360
29700
479330
451570
276340
397180
365760
474910
465760
422020
404750
476450
449550
403100
389470
441060
445420
366180
428350
42220
454890
465310
432990
32640
355130
353280
429690
372970
432190
371190
468310
299360
381900
358290
460960
438130
229790
259960
448160
453270
440690
353260
443380
428040
423440
457600
305940
376520
412930
446640
332580
395930
303310
297470
383950
394290
468780
434230
450650
432870
297000
429620
444770
411310
411060
462570
487020
434800
299360
411870
441920
427480
466790
200980
200990
201000
201010
206020
206040
206060
218020
432260
404510
445040
418520
12530
434780
418440
33220
406170
343810
337760
38100
458480
457530
388970
385100
457480
439750
467210
450740
363440
357670
302110
405540
220420
368710
477170
337650
38490
450050
337650
38490
450050
407150
301830
431230
389850
210230
465000
252530
421740
365800
373410
448810
422110
451640
453320
366590
465450
415150
420500
367140
392680
416380
201230
289360
40390
384690
384700
447170
375210
367030
350550
408960
440760
333390
415920
340450
443330
365870
237870
423810
338310
451880
379420
43600
282680
455200
225000
8140
386340
448720
331750
408750
405370
438350
419080
433890
275830
433700
486360
463150
364810
450500
400800
435970
450120
16120
16130
422650
310390
13620
13630
444530
366230
369270
466110
31910
260430
324450
397440
37280
217120
447100
454320
452240
357030
406920
444670
465990
376450
395880
270230
260060
259980
357010
29540
452320
300840
37220
359650
279420
446330
31920
424010
411390
258970
473730
467530
326380
392030
447190
397860
438000
19930
391000
284410
410120
386840
447000
444830
447800
356500
447780
34650
448620
24800
457870
369300
423220
463180
473840
327500
404620
446310
351170
362860
260430
348850
331970
406110
347610
440280
296030
34500
31840
448380
448640
434530
425820
425820
49000
402030
455080
31930
439310
403410
453100
420670
467220
413500
475240
399040
346090
444430
238430
431390
413470
309900
278420
335940
387060
294730
364790
364800
435360
434130
354740
453710
366780
328920
458420
404100
408400
437060
15970
359440
401170
365090
378810
299380
441230
453030
24870
352370
439930
428460
425160
3560
111300
368600
422300
38120
32750
390210
410770
469890
38000
50960
442140
37230
434880
454830
423800
424370
311060
332880
336030
376910
240360
465930
291430
396870
436470
11900
465360
432280
384100
362310
301260
414370
395860
473050
435250
431810
352360
31810
463760
448650
378530
432940
457490
302360
393460
449310
356390
302350
468130
347720
445070
471570
451600
453770
449340
436870
321330
370940
402390
255960
325160
415910
444870
422980
377360
385900
416530
351720
431300
461710
466020
443020
394950
411590
390940
416340
349190
405500
461690
31850
459520
386390
37330
391490
351330
200080
37340
361350
31900
31820
31890
31880
347730
372960
429220
365500
349140
475050
438220
455770
358370
456430
424310
363060
363050
384940
264400
410910
437890
457660
424170
262100
288670
308180
394550
454260
417410
337670
36310
401200
437180
452120
341570
415990
437100
428110
461380
447310
429120
324310
354380
359600
463350
436390
383100
358360
252690
454380
465970
327450
441510
364060
373440
437090
414920
280200
384910
385350
38140
223280
358250
358250
448790
38130
302810
358220
3490
3450
387280
3380
420850
382920
346340
448500
444280
3350
451350
358350
418160
352130
434070
363920
357490
288840
339690
397090
376790
409440
439770
404700
362160
3340
364840
391660
366060
257260
454900
425600
12220
352050
431770
346510
445170
436480
437420
338110
445750
331570
428830
391240
348440
343430
327150
431860
3440
255220
449210
384890
464760
459580
432500
448050
388730
386600
375310
453350
366210
332630
461850
443680
404400
404660
395380
454130
460150
417980
349100
453830
464230
382270
320040
366620
433960
418170
246280
16500
448010
399920
370710
404850
457820
360850
387850
408170
400230
388010
453510
447890
448630
365430
341820
374080
340320
233840
462030
473510
397190
407840
48240
212200
58610
377140
369200
91330
241560
345260
358460
343710
17430
307880
363150
9200
235620
402020
255480
32310
243950
351910
276890
427270
11040
11150
215100
278550
420790
296300
338400
325610
304350
307900
307920
247770
33440
15200
15240
249990
301910
455910
258760
463450
462910
468240
467170
460970
461030
461040
462910
461400
461580
461600
466040
467000
473800
474030
473480
479150
467310
19810
37250
37260
37270
37290
36240
32110
11920
13000
50970
51030
37390
3360
3400
3420
3430
3460
19810
38150
38160
50990
38070
47520
38180
40210
47120
48150
33390
262630
261390
270510
263960
266980
277751
37390
466720
470760
485800
401120
402340
401280
401290
401510
401550
389190
389200
389230
389250
390920
390930
391390
391630
390460
390680
391910
392600
392610
392690
392720
336230
335450
335460
335560
338070
338080
338100
336700
337720
337450
336760
336770
336840
347520
347040
347080
347250
346630
346780
346430
344960
346130
345690
347660
348280
346130
347040
347080
347250
346630
346430
346780
347660
348840
348280
348160
348430
333490
333510
333580
333130
333290
334100
334140
332760
328780
334830
334840
335010
335090
420570
421140
420160
420900
423720
424040
424320
423270
424640
424750
424760
425040
426590
416320
416610
416840
417310
421610
421800
422210
433400
433490
431630
433290
432130
350610
350620
349760
463240
475220
319170
319300
318480
318680
323450
323250
310810
310830
314360
314540
314590
313830
312410
315080
320090
315930
317060
316020
315610
321880
361020
361160
364880
365060
365290
365510
365580
361680
363580
365680
365730
366410
366460
366570
364510
364640
364700
364720
364770
354040
352620
352640
352210
353550
351150
336840
336160
336220
336230
338960
339040
339320
339590
354040
351150
352620
352640
352210
353550
354280
354310
354600
357750
357890
358030
358180
358210
358300
357700
358380
410470
411680
411720
370140
410970
410980
411330
410290
413830
412480
413540
413580
411740
413700
415670
371380
477200
407940
433830
434220
434240
434270
434340
434370
434390
434430
434490
432480
432590
432620
432760
432780
430190
431410
436360
436490
436510
434700
434820
434860
434870
435840
434970
435040
435140
435210
435420
289260
436950
438160
437710
438440
438480
438260
438360
439440
439730
439740
440800
440870
439880
251170
438820
440100
440380
438920
444190
444270
443460
443650
443700
444520
444550
444790
444860
342650
343570
344260
334830
334840
335010
335090
334620
335450
335460
335560
346130
346630
345690
346430
372260
370050
372560
372930
372030
363500
363110
363180
363240
362740
485800
378070
383010
383190
385690
385860
465020
386090
386200
387870
389650
388720
389190
389200
389230
389250
390920
390930
391390
391630
391910
390680
397770
397400
396700
398900
398920
398940
398960
482390
389190
389200
389230
389250
387870
389650
388720
393740
392920
392600
392610
392690
392720
392780
391210
393150
393170
393350
393600
393610
394030
390920
390930
391390
391630
391910
390680
395190
395300
394270
394390
394830
395100
395480
395550
395580
401280
401290
401510
401120
400710
409090
410150
409410
409610
410370
410440
410470
410290
412480
411680
411720
411740
411330
370140
410970
410980
405240
405530
405720
405780
404630
405860
406690
406780
407100
407380
406120
406650
406220
391190
402970
402340
401550
403070
403090
403230
403270
404030
403460
403780
404270
404460
408860
408240
413830
412170
412230
413870
413700
413540
413580
460910
298790
298830
364880
365060
365290
365510
365580
361680
363580
365680
365730
362020
362030
362290
362370
362410
366410
366460
366570
372260
371320
370080
370150
371880
372030
369310
370750
323250
325300
324390
270510
284200
288100
293980
292660
292670
292090
282960
282640
290020
290870
294590
305880
307030
464820
300620
298420
303530
304540
304850
308330
308360
310810
310830
318480
319170
319300
320090
318680
321880
321890
321940
322040
327520
326520
425870
425650
424320
425760
431630
430190
431410
426590
428410
428510
428540
427640
428060
428930
428130
428220
428240
428250
429260
429280
429350
433400
433490
407940
433830
433290
432130
432180
432230
432380
431830
432480
432590
432620
432760
432780
434700
434820
434860
434870
434220
434970
435040
435140
434240
434270
434340
434370
434390
434430
434490
477130
345990
449760
449770
445210
448260
448320
448820
448910
447990
448090
448110
447240
447970
435600
449240
449330
449350
449420
450030
449060
449180
448530
451330
451700
451200
453390
371380
477200
439440
439730
439740
438160
439880
438440
438480
379520
380120
379760
380020
354040
354770
355090
354600
353550
354280
354310
355350
355420
358490
359350
359670
360010
363500
363110
363180
363240
362740
362790
362940
363070
364100
364190
364250
364260
364510
364640
364700
364720
364770
384040
384330
384480
448530
451330
447240
448260
448320
447970
435600
449240
449330
449350
449420
450030
448820
419020
416320
415670
414260
424040
424640
424750
424760
425040
379320
454170
454610
454720
454330
453650
453740
454780
453880
453950
454970
455110
455640
456130
456690
455230
456440
457230
457790
458030
458110
445770
73010
394760
21660
21100
55110
228380
71250
65780
65790
34870
268050
249380
24840
236150
363600
209870
365890
352460
337360
10110
277110
277270
360
338140
325420
467520
272510
243870
283620
205710
242570
314980
384180
324510
401820
115220
4880
231910
247000
109400
317110
296070
325600
305260
7210
236690
237890
395200
19980
368740
264140
382890
202750
271360
45740
282400
436150
428440
10270
208730
375400
345890
317820
279140
374670
232430
361670
361690
322910
39190
410850
427510
459440
262120
1500
261110
269730
262150
360950
441550
402880
329430
359230
379670
7610
389670
13200
225420
3130
341950
411600
24010
299480
394160
403400
403430
321060
237470
13530
257970
99810
23450
215470
433600
263500
214630
253900
202200
417750
427950
334670
407710
414950
312430
273070
427470
265950
463460
400020
424250
334850
233370
401890
298160
9480
363620
280360
45750
286340
220160
246760
384570
290970
444180
4230
326340
245490
386590
306630
315660
319050
11480
6900
1630
442710
268540
6810
239840
73020
250460
219800
417880
238280
240600
336790
32650
400110
244910
292930
392190
351730
251850
227700
467850
344800
39550
366400
345010
344810
245410
381750
290000
332260
226100
445860
314520
254920
466910
40340
320430
270950
349700
222420
253190
291010
361550
253920
297130
263920
297920
454200
457580
330580
269310
25980
384550
44310
223410
42120
418260
294580
225600
317470
308080
393860
253980
32720
372360
346420
45770
249230
217080
274290
369110
1640
408900
2710
338590
249360
318090
210990
310470
346140
226740
6870
292280
292300
294700
63610
398180
286040
346610
345660
13540
21800
260730
400200
342550
350800
22340
312970
466780
306370
338130
203810
307960
287220
288370
250340
243000
387370
372780
385310
246700
20700
256370
454600
417990
243780
275570
297860
479100
224220
250660
326950
320540
7110
350110
327380
2800
2840
2850
438650
413030
415270
294790
274980
402560
224920
420070
361930
331450
293460
313080
307430
242960
248350
376680
409460
297070
475490
323720
321110
274310
408770
359810
434620
315670
60
34900
2450
389220
36210
339850
371420
265750
33570
434420
261530
427890
311770
348340
370510
384740
71230
407230
22670
32430
8880
260130
296630
212580
450850
209160
298890
285010
3270
391420
423700
32350
32380
32390
32500
314970
388410
80200
298140
410430
397210
281060
453790
212240
340440
298240
350810
355840
397390
58520
270830
374090
224740
378630
347690
380360
218820
334710
231330
318020
394540
392120
368590
285110
433280
317620
377970
212010
295770
336060
39670
449710
7010
330620
448610
409490
329380
477290
234190
438180
246110
248650
269110
378260
437000
274560
209540
360450
463220
48220
301860
375520
44360
372800
346460
319970
280830
228260
367260
382480
388680
352790
329830
232770
429780
313140
307640
467330
439260
366760
268830
244030
307050
341500
374380
453850
12160
458700
302830
41800
356890
271760
248530
112100
380700
45300
308270
29800
313590
17140
104700
13580
397500
207930
297020
386400
453670
341390
39630
335120
366280
391260
446590
268670
277850
6510
444260
375190
423760
428630
61510
259660
266190
253330
420950
232050
436140
29900
434890
454150
396390
232750
225640
252350
34190
257870
277590
434920
46770
342260
322130
395270
312350
223510
434500
439950
383580
319740
40330
298480
457520
363090
216910
203680
352220
279260
235660
473560
399260
1600
365880
37030
258590
228400
303690
389870
456810
24400
70420
244890
427780
214360
227380
377480
443370
388340
366510
16030
15900
338530
202710
338800
283600
279440
315860
353890
115120
400360
475520
359560
437870
333880
3820
427910
302210
422590
320820
397620
3810
391160
356270
438340
215510
57680
395160
61310
16100
16110
16180
366160
291190
22450
302180
293500
257670
392080
319280
406720
292160
209670
343120
270570
335420
365480
420770
37960
402150
423770
409340
33180
382070
446010
303790
297350
313660
288650
282050
37700
252730
416190
426970
329770
217790
292200
387010
293960
260000
260040
259940
44200
305510
451670
384360
448250
278930
289890
12130
277630
331220
35460
396090
329200
376920
410550
2500
390910
341020
427980
2900
464240
270050
347440
328890
344190
96800
271570
234100
393980
377680
238910
34600
448000
444480
300080
273240
458290
446990
300580
305640
455940
27000
294370
400380
337040
426170
314200
444580
343800
343820
343830
360730
12210
259430
318650
461650
105420
356560
243160
317100
308040
311250
293480
253650
15160
427860
35300
35300
248290
451900
432240
350150
315340
427810
46260
46270
302730
448560
382350
18300
459940
261490
264520
359280
70200
368150
356580
322900
291170
349530
440410
33620
230150
459020
108700
423610
385130
416270
214570
244690
374060
270750
270760
454870
389900
215690
462060
231040
275530
462960
102400
338320
284990
65400
454070
335430
430170
1610
21670
366670
7600
8320
281200
367010
267980
358340
330570
34820
394260
37210
253610
358260
359580
268810
321150
264300
331210
295910
264240
315540
207420
427930
352190
73220
299160
224440
15080
440950
370270
341310
369890
280140
381910
403850
328900
237570
298950
98600
385060
354860
46000
289240
289440
383670
202670
263700
397970
433580
224940
397870
317300
278590
275350
320520
448350
335200
368690
217920
243020
265330
384010
105000
324120
392620
414470
453960
386990
317840
314220
343930
11360
423600
359610
308000
413710
429250
262900
396360
382180
3000
345090
238630
375010
288020
419090
382080
29120
3520
358190
378830
376780
374010
9800
278440
365120
388360
402210
430080
327440
223450
359620
209360
431840
463040
382250
391580
388540
370160
289420
338050
384980
401690
383720
448070
385270
352120
348960
333220
11340
259390
325210
456160
398930
454460
401420
372380
368770
296220
437170
289180
305820
391180
336710
437880
228440
6880
416850
371330
400740
428200
385230
350630
398070
63900
372770
470450
382120
326190
355240
3010
389270
105300
314250
342020
415490
347560
42950
313980
461570
363130
292140
1930
333830
348030
235340
351050
286570
311730
227860
369070
322920
332070
322850
355060
292330
39650
6920
441020
63950
236130
255260
238750
306480
307770
307930
307990
403120
48110
302060
302080
319910
459410
463830
463050
471270
12540
2720
63110
33950
72400
65080
42000
57700
60340
35070
37100
38210
42810
31980
33660
8970
67000
70500
80300
35800
3610
32140
32410
12670
31870
27400
92400
37100
92600
18070
111800
33950
72400
65080
42000
57700
60340
36620
204220
207020
104020
227480
227800
225180
224040
222140
229810
231020
233230
246980
244410
246300
210170
214550
243060
243280
244410
246300
258070
259470
260410
260690
260710
274250
272990
281280
2420
12540
2720
15930
3510
3580
21640
25850
29160
3530
23600
418110
424210
416760
416800
417480
417110
422030
433360
431870
404860
402980
405070
405180
405590
404580
404290
404420
408920
408110
406730
407020
374620
406300
403570
403670
104100
35480
92400
102200
95300
41740
97100
70500
80300
42000
57700
60340
204220
104020
218170
218330
248800
242940
246980
247370
250580
250030
250070
252830
251910
276730
276750
277470
277650
277870
283180
281390
281410
281450
281820
286360
308460
308560
298820
298850
305460
306200
306290
299420
299440
299600
299020
299110
300760
302650
278640
286360
296510
296650
296730
296810
296910
295870
297720
463920
11230
205690
307560
307570
308460
308560
310760
290530
292400
292410
291290
291390
291610
291710
3800
338420
342360
348870
363220
363650
366010
365320
353940
354030
352030
352080
352740
352760
353340
355140
355520
355560
354230
355310
351790
351340
350770
349260
349500
357940
351790
351340
350770
356200
356370
355520
355560
357120
355310
353940
354030
355140
354230
357940
358200
358240
357690
357730
360680
366010
365320
366990
370090
369860
369460
369570
371310
371370
370780
370700
371620
371890
319140
319230
319410
317410
328710
328450
328460
328500
329650
328650
312440
313360
311100
312150
312240
314120
315110
316420
95000
245150
276730
276750
277470
277650
277870
278640
281280
281390
281410
281450
259470
262750
263040
264730
261940
269810
268930
269010
269150
270310
270410
270490
268340
329020
330450
330470
330500
328450
328460
328500
329650
328650
336680
336730
335700
335770
335840
336040
336200
338420
338980
339840
338810
338890
50820
353940
354030
353340
412860
411550
337980
404860
405070
405180
405590
404580
406730
407020
374620
406300
402980
404290
404420
403570
403670
402000
408920
408110
412010
412370
412410
413680
413740
466890
3800
218510
295870
295490
298820
298850
296510
296650
296730
296810
296910
312440
311100
312150
312240
315110
11230
205690
307560
307570
314120
313360
316420
316840
317610
317410
264730
263040
266270
266470
262750
276730
276750
277470
277650
277870
278640
242940
247370
256070
259470
258070
260690
260710
261940
260410
260550
272990
281820
397240
399520
374680
374900
375000
375290
374230
374450
375770
375790
374990
375090
377570
377120
378270
379600
381260
381010
382130
384210
384400
383630
384960
385070
323040
387090
387270
386740
387130
389970
363220
363650
367800
367820
368700
366990
366010
360680
360030
365320
372250
371310
371370
370090
371620
371890
369860
369460
370780
370700
302650
301670
302340
301990
303840
303850
303860
310760
308460
308560
319830
319140
319230
319410
320630
320670
22610
235720
322550
321840
321870
326470
218130
424210
431510
415980
416760
416800
417890
416130
417480
415830
417110
418110
419000
61100
223750
353110
438660
440730
443580
442770
443850
303800
316180
331120
352440
355970
418180
424210
451830
453190
372540
440730
438660
442770
443580
444000
444740
443850
265830
203290
268360
302470
310370
435780
61100
223750
353110
303800
316180
331120
352440
355970
418180
267920
457420
353130
354950
363790
375600
445130
429040
428270
429390
433360
432540
432770
434790
434980
435780
448780
448980
449000
449040
449170
449500
449520
450290
457980
312920
458900
240460
340170
410570
304730
20550
355150
331650
318100
256190
236370
368860
239160
282210
318220
115320
209120
352010
346830
39520
39660
249650
433350
253430
289930
322970
46490
408740
289520
412450
102700
404920
205610
57620
48800
46550
407250
115200
115210
4890
265300
221300
34830
219760
466840
339210
398970
407690
227020
296830
7220
212630
354290
205810
240320
39160
368220
353630
316390
299250
381990
7530
451130
252450
266150
407510
239200
254590
243930
381640
329440
207210
208110
334750
200150
214150
315440
354430
355250
15740
208520
356330
339230
290140
47790
422940
368450
407190
205990
295590
7520
337950
225360
47800
328830
299500
276770
214250
46360
238240
34283
34317
71112
429530
22350
290790
34420
46290
46340
46350
63940
63960
245760
409590
334120
32330
204860
306830
12520
202130
247730
291910
19000
227760
42990
251890
57900
253510
348540
273350
342570
347060
332500
2370
226720
351290
341030
317530
328600
256030
4290
44600
304580
323060
300610
255420
6840
326630
475990
279990
7730
7770
32900
311910
300820
46250
7860
211970
434360
47920
424780
352950
420000
287580
65730
383520
322630
8170
292760
382850
325790
214190
226700
248450
376310
231060
33110
364750
316430
263640
280890
273800
349720
245370
444650
442110
350530
370040
264360
283000
239220
485890
320340
294020
340070
65600
337970
408990
291050
459260
352170
408640
293940
459160
353690
318860
2920
12830
404640
224540
423900
235380
322520
363430
49330
403880
273620
317940
225020
292820
37010
255940
63600
466490
263540
253880
92100
15000
395980
436160
336250
269890
416080
331710
354850
10220
21680
289340
212780
254080
345140
393920
260270
231990
399120
336510
289910
314240
248370
44340
385200
39690
297310
381590
328060
485440
297750
403660
362350
255920
2810
268890
385950
294770
344840
33610
348360
390200
281940
324760
469560
70100
289580
248470
297570
12470
275610
46410
424850
63660
245050
65530
405960
395600
407980
400500
418250
319730
105100
468320
346220
289780
324110
335830
342970
348020
374170
36180
407600
266170
244070
244090
355760
311840
305980
327650
302270
381560
265810
290280
396160
364110
360150
235760
416070
399790
422130
339640
27020
10140
428020
269530
400880
70110
306490
32420
314150
322600
316030
1670
255370
312790
269990
241620
407120
449150
46790
33460
235400
348670
412460
459470
209650
70650
201480
73190
380550
70660
49540
473520
209100
461680
414130
285960
334070
412790
8080
324170
280040
391460
454930
287920
270110
415840
228560
348450
285500
429490
233250
296770
453820
402450
438010
350700
227920
289500
272470
227180
241990
440020
340950
247660
214130
214700
27920
246070
38830
434110
348730
354160
338540
331920
306410
380000
423710
16730
345750
287200
48120
326670
283060
277950
390220
438030
341980
113420
271860
24670
305740
383530
362140
334040
446870
204940
282780
55100
386650
303390
428190
33670
462220
245300
38230
462480
9930
390970
279500
293860
65740
333540
341690
242720
335850
267550
307210
42500
359900
57740
343070
369040
231140
292390
16720
396400
250200
6550
263480
314830
463320
381140
252230
240620
392820
338340
336010
316160
17180
12590
242530
412470
355330
432290
373720
38110
385600
292420
267750
270910
200230
324050
364300
400240
430240
343270
367600
274230
202530
384320
447180
331880
331910
301740
344180
371210
23420
359220
41600
38480
415860
428430
314370
329790
339860
343360
283560
234530
416450
427660
201830
9850
216390
318350
365620
357370
253130
359290
318950
318740
33420
350310
380580
473580
367550
331660
264000
336280
279720
402160
311040
265970
291960
65930
341360
395350
393750
274010
423920
277460
313870
311860
458990
408120
386280
407420
252250
295550
370730
374640
245730
450060
397980
433630
386480
215930
401190
331200
1690
289690
274130
407730
256390
46560
433380
404080
283430
356380
340810
420380
51100
385880
7510
446250
284970
42160
305960
303510
334410
344890
434090
375180
291450
33320
395560
321260
398840
478210
261760
299260
307130
257050
431270
257830
440740
361200
24480
224900
275810
10530
397420
434610
322980
265120
272890
342510
442290
450040
344900
230980
19200
402060
230840
46450
320320
344820
46570
255070
366810
226780
27200
365560
21030
21010
314000
289400
289480
386640
37240
369230
340650
443900
293920
313650
16620
108210
293180
361890
305500
397720
57650
260020
260080
261720
370640
106000
283660
385890
63800
214910
200390
95900
397820
291250
310880
232950
394450
302440
367710
304460
397040
16200
286750
374950
443980
362780
337410
407620
4520
4530
11200
324090
200370
297450
332790
351300
209730
270770
307190
111400
413170
339700
346240
92900
431370
291030
329670
307760
11260
236470
403390
321390
285580
293160
283100
362660
287600
42210
350090
282620
258880
111010
111000
205530
250420
450590
263520
441870
348290
249570
276360
248630
258220
347030
36300
383070
462950
434380
259620
328310
302190
299340
436410
312210
15230
361430
352960
46280
407830
439720
403860
314460
365310
326230
292370
461780
46370
414730
296180
296210
336930
43500
9730
317290
4460
325630
9500
307600
251710
428280
217140
264320
116100
372480
267670
49800
422250
269610
27800
308520
461520
424260
212700
328880
365420
395900
312050
11390
216210
275510
438560
354560
205060
330990
311170
209850
285090
217690
11050
320690
289600
300160
50940
427550
8310
305390
240660
2590
278490
380690
275080
407720
442890
209690
43000
353070
283310
362930
272010
299460
6210
331340
285130
360510
396320
356290
448660
264540
360380
415950
292480
326590
409290
339540
277560
348180
351080
251690
395150
421890
382300
381050
364940
440810
446240
302320
311120
293220
447850
463030
264260
9710
448300
287860
398680
285050
276300
252270
37370
314510
220660
1900
326180
346950
31800
12770
207430
440340
37300
374120
385440
293540
258050
245010
259190
429580
286730
279160
416670
373730
416350
337210
412970
443830
341930
261740
315330
248490
289380
361320
23380
436860
361130
393390
342450
417910
295850
397200
311400
290460
433750
415330
320110
331790
432470
306350
406930
34800
438020
385700
209270
375320
46400
314950
354730
385830
380540
25500
368720
283490
485950
372950
342860
338710
105700
241720
341780
365020
371570
416030
398480
252430
351900
343000
369000
375020
469900
416200
368780
299050
3410
253940
409130
306520
201070
307270
264580
363510
315740
3500
3260
420920
345280
263180
299150
430020
422100
319180
361190
253860
217100
6270
362920
357830
400250
356770
406080
350220
254100
260380
416310
94000
260250
378490
284140
312900
365340
472830
338830
390880
204960
32730
12790
2520
305070
428950
368900
381170
310110
375760
415390
394770
311140
407680
303340
291130
365330
372720
449090
35310
387930
393240
458060
349550
410590
462730
403490
432610
448150
449820
428760
397640
209520
331160
280320
457710
269370
437740
360580
46520
432150
334960
343340
429200
341060
337220
406670
357900
355100
257630
402850
402850
346200
447880
444160
391070
110500
383330
388830
461140
436350
278970
403740
42140
434250
328740
354920
418610
42170
385220
281430
346450
295930
342240
260210
7840
370590
315940
342890
363900
344910
313960
258950
281370
254060
260650
460660
467370
462370
258180
306670
12570
12580
10460
9460
11250
12340
15800
8330
11240
11560
7260
12570
12580
10460
9460
15950
8100
34810
12480
27050
37800
24410
40200
34630
34640
32200
41100
35600
60800
40420
50510
46380
47110
4300
4420
46710
46750
37320
37380
42930
42940
55020
9960
42920
60600
65500
72500
72900
9980
41660
49320
11370
18480
34810
37800
10120
12630
18470
96200
61220
18480
22310
32610
10120
12440
12450
12460
32120
18470
45720
50910
50920
33550
36320
45730
51010
51020
28000
34180
45710
57800
49900
19020
38190
39900
3570
22310
32610
12440
12450
12460
32120
23500
16060
23700
204080
200190
110610
109700
202310
202370
42230
110600
98900
33550
36320
45730
51010
51020
39900
391820
391960
392700
392930
394140
393660
393770
393410
393540
393550
393950
399580
399660
399900
400470
400370
400030
403170
403300
403440
296050
375710
389160
412250
412380
214100
213550
230650
244630
244590
243560
257770
258200
259340
259720
259830
273790
273960
274620
274880
281240
281260
280460
280500
279640
279920
279480
279520
279560
279580
99400
9990
99120
219700
218040
218310
218700
218860
219070
217860
204080
209330
109500
19320
207190
207370
207670
207710
209610
209710
209750
208620
215390
215630
215670
215770
215120
237950
236010
236490
238890
235070
242110
243560
252570
252210
251020
251310
251390
251410
254650
253410
253470
253570
253630
253960
255030
2780
206610
36000
229580
253490
292380
312600
470130
335210
334980
335080
335660
335820
335890
335900
335950
336020
336100
336210
335570
22650
92000
215550
338060
338090
335220
336630
337630
337700
336380
336780
337110
337130
337180
347230
347240
347260
347270
347410
346300
346490
346550
345030
345130
341660
346080
346160
345220
345290
345440
345640
345700
345790
217270
226960
200490
234290
96900
242110
237950
238890
227560
227900
226120
229520
229600
228320
228940
202270
234490
236010
236490
235070
256330
257220
286810
286880
288000
398020
398110
370170
397020
399180
399270
399420
399430
399000
398640
398670
398830
410490
410540
410560
411530
411630
411690
410990
411070
107900
222520
231310
412490
337420
286200
286220
286520
284910
284930
285350
284100
284220
284580
285520
296590
296850
298220
298260
298340
297270
297330
297390
295710
297620
297740
464700
206760
207650
307620
251410
259340
259720
259830
265790
265990
266030
266050
266070
265870
266330
266370
266550
265380
269350
269630
270170
270190
268710
268970
270590
268520
273790
273960
274620
356540
365050
407530
459910
448130
230650
215390
215630
215670
215770
215120
214100
218700
218860
219070
217860
217270
213550
226120
226960
200490
204080
209330
109500
19320
207190
207370
207670
207710
110630
207000
209610
209710
209750
208620
246680
246800
244630
244590
247310
202270
234490
234290
96900
252570
252210
251020
251310
251390
251410
200190
110610
204840
205550
205080
205090
42930
42940
55020
9960
46850
65070
33980
33990
42920
60600
65500
72500
72900
9980
92300
61220
99400
9990
99120
348270
22650
92000
215550
333380
333660
333730
333100
333350
332710
332730
332780
332810
332970
335210
334980
335080
334270
334290
334470
334490
338260
338550
337630
337700
358330
358700
358440
350330
359800
359260
359370
359450
359060
359070
359090
360390
360040
212410
226560
229970
234060
361600
361620
362070
362400
360600
360720
360750
360760
341660
345220
345290
345440
345640
345700
345790
344500
350500
350510
349440
349780
349840
312280
13140
23300
239450
277520
319210
319430
318440
318570
322990
323000
323240
256010
271730
275330
275490
276220
276240
276430
276440
277510
278530
277910
278620
281240
281260
279640
279920
279480
279520
279560
279580
280460
280500
278810
281560
281580
314560
314570
314050
315450
315550
266430
312360
312420
315060
266450
317920
316810
318260
317950
317730
317380
317440
317580
317330
227400
320400
320410
320650
320790
320020
320120
320590
320970
315850
316370
316740
316890
316930
316970
315130
315260
316140
316320
315650
321610
321030
321080
321950
322300
321710
321860
321350
321370
321450
324750
320970
227400
322440
322540
321950
322300
321710
321860
321350
321370
321450
330110
330270
330000
330760
330520
324240
322990
323000
323240
323430
323700
323780
323270
324750
330520
330110
331980
332150
331580
325110
329310
329610
329620
328430
329660
329680
326060
326130
327210
328100
328220
328640
328680
335220
336630
335660
335820
335890
335900
338090
335220
336630
337630
337700
335900
335950
336020
336380
336780
338260
338550
337110
337130
337180
336100
336210
340820
341010
341080
340410
340460
340470
340530
340550
354690
357840
357930
358000
358080
358170
358230
358280
358310
358320
358330
357480
357280
357320
358440
212410
226560
229970
234060
352160
351630
351840
351220
351400
351420
320590
324240
322990
323000
323240
323430
323700
323780
322440
322540
323270
327910
327960
326990
327000
327210
326060
326130
327640
303910
301980
302010
302160
301050
300970
356280
356310
356550
355810
355510
355650
356130
355380
461970
461750
462110
462530
463010
467350
478010
459170
459310
461180
269590
281220
285480
289090
315920
389810
401210
402170
402190
402220
402300
401560
401780
400030
403170
403300
402890
403010
403440
403900
403680
403690
404150
405040
405610
394140
394280
394480
393660
393770
392930
392700
311850
312640
311080
315850
315130
315650
315060
315450
315550
206760
207650
307620
307980
314280
314290
314300
314340
314380
314760
314770
312960
313040
314530
314560
314570
360130
378480
378510
378570
378580
378590
382420
383020
382570
385680
385810
385980
386510
386540
386630
385490
385530
385260
385360
389120
3600
364890
391120
391340
391440
391590
391740
392060
391780
391820
391960
397810
397830
397840
397960
396450
398020
398110
370170
397020
399580
399660
399900
400470
400370
375420
375430
375510
375040
375330
247870
257220
256330
259340
259720
259830
257770
258200
261960
262300
271730
281240
281260
279640
279920
279480
279520
279560
279580
280460
280500
281560
281580
312280
324240
322990
323000
323240
323430
323700
323780
323270
325110
324750
324770
325320
325430
325880
325670
324360
324420
270590
267730
268520
267900
267490
268200
268260
269350
269630
270170
270190
268710
268970
237550
256010
275330
275490
273790
273960
274620
274880
286120
286140
286200
286220
286520
284910
284930
285350
284100
284220
284580
285520
286810
359260
359370
359450
359800
363200
363270
363940
363960
363670
369060
369100
369180
368290
368310
367240
367660
367780
364130
364480
364660
364670
368750
368790
367060
368760
368880
368970
351140
361110
365930
366050
360600
360720
360750
360760
360890
359060
359070
359090
358700
360040
360390
364850
364960
365070
365080
365110
365140
365150
365240
365270
365280
361600
361620
362070
362400
366350
366600
366700
364350
364370
364450
372430
371000
371220
371280
371390
371400
371460
370190
370200
370220
371510
371690
371810
302010
302160
303910
304810
303870
303880
310850
310970
310990
310070
308380
266450
317920
318440
318570
316810
318260
317950
317330
227400
319210
319430
320020
320120
321030
321080
320400
320410
320650
320790
320590
320970
13140
23300
239450
277520
321610
322440
322540
321950
322300
321710
321860
321350
321370
321450
327640
326990
327000
425860
426040
431460
431610
431680
431740
432170
432410
431990
431330
431500
430280
394120
429600
415890
418430
416630
416720
416170
416290
417060
421060
421110
421180
416370
416390
433210
432170
432410
433670
431990
432490
432640
431220
431290
434680
434930
434120
434960
435050
434480
356540
365050
407530
459910
448230
448130
447860
447940
449200
449220
385400
292570
423740
423750
423840
423180
424000
424060
424100
424870
416330
422630
421620
421900
420910
420270
18700
227060
244050
299170
310890
373360
444250
442220
444410
444440
468560
448460
448480
452930
453980
454030
454080
263080
454570
455490
454420
454430
233630
318690
333740
456660
455970
456210
376130
455710
455720
356540
365050
407530
459910
426630
429700
428740
428530
428940
429020
429060
429160
427970
429430
428260
433570
433840
434010
433110
433120
433130
433210
434120
433670
432490
432640
431220
431290
333740
263080
454570
454420
454430
453980
454030
454080
455490
455970
456210
376130
455710
455720
456660
468560
458230
326730
293280
313010
47400
271500
422640
47700
354640
363530
202860
271370
348510
254860
422420
253770
70120
403980
294120
249930
344160
287340
246090
65610
291930
303830
2870
399230
108110
322950
283580
335330
236510
342990
281350
337880
465510
277500
485270
452000
290410
11590
336520
473640
474790
314700
473650
46540
363610
200670
58550
381810
462830
370100
204760
319780
449940
247950
466210
239410
329950
46700
12560
27900
431000
361640
300200
317970
321660
99100
265670
303410
444350
273730
457940
392870
388870
221020
248410
423460
340220
344750
287100
392050
473630
457930
382970
24460
294830
223490
283020
403200
373110
267940
31300
7970
273820
346650
227160
316750
200050
357770
371360
383030
369080
233110
266290
284290
312710
292060
422270
10250
330350
426250
446450
236790
259170
273850
339470
422140
410210
207790
267610
427040
273940
302370
10230
295250
373800
373810
373820
259890
443940
415080
446470
420210
315070
346040
485760
280380
424830
313620
384920
200020
328670
296150
335740
412730
302170
291330
378100
418310
364690
329000
340630
319570
444460
368990
397580
302390
403560
348380
16000
19500
58400
46440
27330
46830
65200
80000
90500
39560
40500
41400
36910
46730
19080
46740
24640
24650
11130
26300
92700
200550
200630
27940
3960
4100
2570
3230
20200
12430
15920
21600
73060
37310
41680
204560
207150
207730
208460
10260
209390
214210
230310
224340
224700
233210
230760
420880
420970
426560
429950
417730
417840
417350
289220
366890
404810
404890
405440
405050
407700
405810
410040
409510
409310
384930
385080
387070
387450
388160
386320
386330
385580
385630
385390
395890
394840
367340
388500
389460
397670
397800
396730
396530
397320
396850
399090
399100
102820
413460
434150
433790
436300
34920
437400
440470
259700
300900
300910
302570
302910
301680
302240
302250
302260
302310
303820
306930
259320
259640
259760
265770
266090
265240
270090
270330
273830
273860
279460
280640
278850
293400
357200
357290
367040
358840
358420
358610
359300
361400
369370
370310
371410
371440
371710
372570
372150
369280
372890
248710
344040
382240
381130
380570
379990
378450
369360
257890
257930
258240
273830
273860
230310
230760
236530
237590
271640
276380
276460
277540
279460
280640
278850
259320
264440
264480
262980
267960
270090
270330
283370
282860
281840
286440
307410
298020
298300
299840
312310
313190
312020
312220
311980
315680
315480
316950
317080
317720
290440
291370
289800
289820
289840
285670
288630
288690
288710
414500
295610
295990
296530
298020
298300
312310
312020
312220
311980
315680
315320
315480
313330
313190
316950
317080
317720
265240
264440
264480
262980
265770
266090
276380
302240
302250
302260
302310
305010
310640
310450
310460
306930
303820
313330
315320
322030
321310
321490
324400
330210
300510
345580
331400
331610
303710
333650
333120
345920
382240
381130
379990
391130
391410
394840
395890
367340
388500
387070
387450
388160
389460
397670
397800
396730
396530
397320
396850
399090
399100
436300
437400
440470
480780
301680
302240
302250
302260
302310
304150
304190
305010
303820
310640
310450
310460
318660
322580
322030
321310
321490
327010
426010
426560
428210
429950
433790
434150
448880
407700
409310
384930
385080
385580
385630
386320
386330
385390
378450
380570
369360
379260
393820
394010
412440
414500
413460
255500
416220
416260
418280
417730
417840
417350
417840
417350
418280
255500
283330
454560
456420
434540
458560
474780
464630
222618
258643
12600
457690
473620
350540
442000
299820
341380
378420
412560
363660
312400
446480
451210
454230
354820
385460
367990
450600
385470
389690
380790
472740
444990
463440
465960
36900
46720
60700
46760
46840
262870
262080
269430
270430
263800
267220
275310
348000
330680
328440
326650
329480
343140
343180
462070
364900
365400
365460
365750
350840
367220
367700
359160
361250
361560
361660
371790
381290
355120
385960
386110
375620
328440
465960
472740
444990
463440
404370
392890
393290
395910
355120
385960
386110
389680
397700
397360
396610
375620
375720
381290
384900
388390
387890
387110
367220
367700
359160
364900
365400
365460
365750
361250
361560
361660
371790
408440
431470
416160
418960
443070
425010
444950
446430
446440
447540
449230
450840
458820
12510
201490
250240
259910
316240
252050
273760
252910
273770
324610
378020
414580
398210
389530
210150
250720
260510
256050
273030
238870
261600
283350
316700
290650
304170
301220
310870
366960
389530
414580
314580
201510
242800
227680
267600
292630
412400
211202
211203
211204
211207
211208
71167
23455
1620
485450
901478
467430
478020
222638
38090
901553
466030
222615
29580
372340
50980
465920
256611
463120
463130
463020
465090
465190
464670
462580
466000
466010
480500
18430
10520
29560
39391
39392
901667
8780
49409
255163
338840
338440
366580
355670
382990
377220
377100
386460
374780
390040
396540
392150
394490
409420
412530
411860
296750
260309
222606
272230
322750
256576
282370
293800
317800
409420
420170
439660
438330
442860
443000
445310
446510
447330
435380
435410
450150
458410
381210
275850
219740
289070
91310
233860
39510
238070
216250
202170
233700
48900
227520
219820
25000
63620
63630
63640
250440
330020
233800
12690
33580
232450
392790
350640
33730
11180
24660
223630
233510
22140
233530
15540
256440
232810
338390
442080
441830
33750
416140
385760
360430
440630
437350
337000
390340
218980
314710
384490
438640
477870
472870
475550
476020
471630
471660
471260
471910
471920
471770
471010
467900
467320
467340
468150
459540
459630
459130
460560
460580
460630
460640
460650
460730
460780
461190
460930
460250
462770
461720
461950
461280
461390
461480
462620
466100
466350
468570
470030
469600
471630
471660
471260
471910
471920
471770
472870
475550
476020
473970
473470
473690
471010
476510
479110
475630
485130
485350
485600
483820
473610
488210
481870
482890
485360
467760
460750
226920
461410
478950
463270
470140
243240
252850
253230
251650
251230
467540
337490
347000
347170
340000
347280
347290
347330
347800
251650
226920
478950
461410
463270
463870
477750
294100
476410
285190
284080
254370
295670
485830
311260
311290
291090
485870
291690
291750
291860
301930
305720
306760
306000
351920
356400
356650
355800
355820
355460
354480
357920
357310
361300
324800
361420
362380
366870
366910
367080
366640
364500
369840
369530
369700
371650
328510
312520
312660
312200
460220
292730
319870
322190
320240
322780
325930
334350
337490
341040
339830
347800
347000
347170
348580
340000
347280
347290
347330
350050
350280
352550
352720
352890
396680
398950
411520
411610
411300
415880
415780
415530
415600
434460
434600
464340
432850
432950
436000
436230
436290
436320
435400
435530
341110
438740
438120
437390
437440
374050
423780
423950
423230
311240
423580
423650
425220
425310
425410
426240
465490
428590
427240
427570
427880
428860
428980
431640
430290
432980
432310
464340
431930
432080
432850
432950
430930
431260
434460
434600
378610
382310
381890
382880
382560
381620
375740
375810
376570
376240
373920
390500
251590
390030
392260
392280
391300
391380
391480
361420
362380
366640
371650
372160
369840
369530
369700
412150
283160
411520
411610
414700
414340
406850
406890
406970
407570
408060
464690
409350
408760
409320
409870
409890
411300
426240
427240
427570
465490
431640
432310
431930
432080
430290
415880
418460
416680
416790
419520
415530
415600
415200
415780
417020
417150
415010
418240
420060
438120
437390
437440
437570
436230
436290
436320
436000
341110
440650
441050
438740
441440
441560
439530
440550
440260
438430
438490
443590
442780
442810
434140
443790
443810
230270
440650
440260
441050
441440
441560
442780
442810
443590
230270
443250
443260
443360
445020
327070
444240
444290
434140
443790
443810
445430
436230
436290
436320
436000
435400
435530
341110
437390
437440
437570
445980
446610
446760
446800
421870
420980
421010
421960
420530
423780
423230
311240
423580
423650
419520
416680
416790
417020
417150
418240
449690
449830
428590
428860
428980
427880
425410
432980
464340
432850
432950
430930
431260
434460
434600
435400
435530
448290
449320
448940
449100
475060
449530
436240
447960
455960
455830
456670
456740
456780
457210
457380
457440
457450
457570
458330
458450
458520
458680
459090
