373610
373620
373630
302970
365260
291770
412270
400170
403130
416360
29700
479330
451570
276340
397180
365760
474910
465760
422020
404750
476450
449550
403100
389470
441060
445420
366180
428350
42220
454890
465310
432990
32640
355130
353280
429690
372970
432190
371190
468310
299360
381900
358290
460960
438130
229790
259960
448160
453270
440690
353260
443380
428040
423440
457600
305940
376520
412930
446640
332580
395930
303310
297470
383950
394290
468780
434230
450650
432870
297000
429620
444770
411310
411060
462570
487020
434800
299360
411870
441920
427480
466790
200980
200990
201000
201010
206020
206040
206060
218020
432260
404510
445040
418520
12530
434780
418440
33220
406170
343810
337760
38100
458480
457530
388970
385100
457480
439750
467210
450740
363440
357670
302110
405540
220420
368710
477170
337650
38490
450050
337650
38490
450050
407150
301830
431230
389850
210230
465000
252530
421740
365800
373410
448810
422110
451640
453320
366590
465450
415150
420500
367140
392680
416380
201230
289360
40390
384690
384700
447170
375210
367030
350550
408960
440760
333390
415920
340450
443330
365870
237870
423810
338310
451880
379420
43600
282680
455200
225000
8140
386340
448720
331750
408750
405370
438350
419080
433890
275830
433700
486360
463150
364810
450500
400800
435970
450120
16120
16130
422650
310390
13620
13630
444530
366230
369270
466110
31910
260430
324450
397440
37280
217120
447100
454320
452240
357030
406920
444670
465990
376450
395880
270230
260060
259980
357010
29540
452320
300840
37220
359650
279420
446330
31920
424010
411390
258970
473730
467530
326380
392030
447190
397860
438000
19930
391000
284410
410120
386840
447000
444830
447800
356500
447780
34650
448620
24800
457870
369300
423220
463180
473840
327500
404620
446310
351170
362860
260430
348850
331970
406110
347610
440280
296030
34500
31840
448380
448640
434530
425820
425820
49000
402030
455080
31930
439310
403410
453100
420670
467220
413500
475240
399040
346090
444430
238430
431390
413470
309900
278420
335940
387060
294730
364790
364800
435360
434130
354740
453710
366780
328920
458420
404100
408400
437060
15970
359440
401170
365090
378810
299380
441230
453030
24870
352370
439930
428460
425160
3560
111300
368600
422300
38120
32750
390210
410770
469890
38000
50960
442140
37230
434880
454830
423800
424370
311060
332880
336030
376910
240360
465930
291430
396870
436470
11900
465360
432280
384100
362310
301260
414370
395860
473050
435250
431810
352360
31810
463760
448650
378530
432940
457490
302360
393460
449310
356390
302350
468130
347720
445070
471570
451600
453770
449340
436870
321330
370940
402390
255960
325160
415910
444870
422980
377360
385900
416530
351720
431300
461710
466020
443020
394950
411590
390940
416340
349190
405500
461690
31850
459520
386390
37330
391490
351330
200080
37340
361350
31900
31820
31890
31880
347730
372960
429220
365500
349140
475050
438220
455770
358370
456430
424310
363060
363050
384940
264400
410910
437890
457660
424170
262100
288670
308180
394550
454260
417410
337670
36310
401200
437180
452120
341570
415990
437100
428110
461380
447310
429120
324310
354380
359600
463350
436390
383100
358360
252690
454380
465970
327450
441510
364060
373440
437090
414920
280200
384910
385350
38140
223280
358250
358250
448790
38130
302810
358220
3490
3450
387280
3380
420850
382920
346340
448500
444280
3350
451350
358350
418160
352130
434070
363920
357490
288840
339690
397090
376790
409440
439770
404700
362160
3340
364840
391660
366060
257260
454900
425600
12220
352050
431770
346510
445170
436480
437420
338110
445750
331570
428830
391240
348440
343430
327150
431860
3440
255220
449210
384890
464760
459580
432500
448050
388730
386600
375310
453350
366210
332630
461850
443680
404400
404660
395380
454130
460150
417980
349100
453830
464230
382270
320040
366620
433960
418170
246280
16500
448010
399920
370710
404850
457820
360850
387850
408170
400230
388010
453510
447890
448630
365430
341820
374080
340320
233840
462030
473510
397190
407840
48240
212200
58610
377140
369200
91330
241560
345260
358460
343710
17430
307880
363150
9200
235620
402020
255480
32310
243950
351910
276890
427270
11040
11150
215100
278550
420790
296300
338400
325610
304350
307900
307920
247770
33440
15200
15240
249990
301910
455910
258760
463450
462910
468240
467170
460970
461030
461040
462910
461400
461580
461600
466040
467000
473800
474030
473480
479150
467310
19810
37250
37260
37270
37290
36240
32110
11920
13000
50970
51030
37390
3360
3400
3420
3430
3460
19810
38150
38160
50990
38070
47520
38180
40210
47120
48150
33390
262630
261390
270510
263960
266980
277751
37390
466720
470760
485800
401120
402340
401280
401290
401510
401550
389190
389200
389230
389250
390920
390930
391390
391630
390460
390680
391910
392600
392610
392690
392720
336230
335450
335460
335560
338070
338080
338100
336700
337720
337450
336760
336770
336840
347520
347040
347080
347250
346630
346780
346430
344960
346130
345690
347660
348280
346130
347040
347080
347250
346630
346430
346780
347660
348840
348280
348160
348430
333490
333510
333580
333130
333290
334100
334140
332760
328780
334830
334840
335010
335090
420570
421140
420160
420900
423720
424040
424320
423270
424640
424750
424760
425040
426590
416320
416610
416840
417310
421610
421800
422210
433400
433490
431630
433290
432130
350610
350620
349760
463240
475220
319170
319300
318480
318680
323450
323250
310810
310830
314360
314540
314590
313830
312410
315080
320090
315930
317060
316020
315610
321880
361020
361160
364880
365060
365290
365510
365580
361680
363580
365680
365730
366410
366460
366570
364510
364640
364700
364720
364770
354040
352620
352640
352210
353550
351150
336840
336160
336220
336230
338960
339040
339320
339590
354040
351150
352620
352640
352210
353550
354280
354310
354600
357750
357890
358030
358180
358210
358300
357700
358380
410470
411680
411720
370140
410970
410980
411330
410290
413830
412480
413540
413580
411740
413700
415670
371380
477200
407940
433830
434220
434240
434270
434340
434370
434390
434430
434490
432480
432590
432620
432760
432780
430190
431410
436360
436490
436510
434700
434820
434860
434870
435840
434970
435040
435140
435210
435420
289260
436950
438160
437710
438440
438480
438260
438360
439440
439730
439740
440800
440870
439880
251170
438820
440100
440380
438920
444190
444270
443460
443650
443700
444520
444550
444790
444860
342650
343570
344260
334830
334840
335010
335090
334620
335450
335460
335560
346130
346630
345690
346430
372260
370050
372560
372930
372030
363500
363110
363180
363240
362740
485800
378070
383010
383190
385690
385860
465020
386090
386200
387870
389650
388720
389190
389200
389230
389250
390920
390930
391390
391630
391910
390680
397770
397400
396700
398900
398920
398940
398960
482390
389190
389200
389230
389250
387870
389650
388720
393740
392920
392600
392610
392690
392720
392780
391210
393150
393170
393350
393600
393610
394030
390920
390930
391390
391630
391910
390680
395190
395300
394270
394390
394830
395100
395480
395550
395580
401280
401290
401510
401120
400710
409090
410150
409410
409610
410370
410440
410470
410290
412480
411680
411720
411740
411330
370140
410970
410980
405240
405530
405720
405780
404630
405860
406690
406780
407100
407380
406120
406650
406220
391190
402970
402340
401550
403070
403090
403230
403270
404030
403460
403780
404270
404460
408860
408240
413830
412170
412230
413870
413700
413540
413580
460910
298790
298830
364880
365060
365290
365510
365580
361680
363580
365680
365730
362020
362030
362290
362370
362410
366410
366460
366570
372260
371320
370080
370150
371880
372030
369310
370750
323250
325300
324390
270510
284200
288100
293980
292660
292670
292090
282960
282640
290020
290870
294590
305880
307030
464820
300620
298420
303530
304540
304850
308330
308360
310810
310830
318480
319170
319300
320090
318680
321880
321890
321940
322040
327520
326520
425870
425650
424320
425760
431630
430190
431410
426590
428410
428510
428540
427640
428060
428930
428130
428220
428240
428250
429260
429280
429350
433400
433490
407940
433830
433290
432130
432180
432230
432380
431830
432480
432590
432620
432760
432780
434700
434820
434860
434870
434220
434970
435040
435140
434240
434270
434340
434370
434390
434430
434490
477130
345990
449760
449770
445210
448260
448320
448820
448910
447990
448090
448110
447240
447970
435600
449240
449330
449350
449420
450030
449060
449180
448530
451330
451700
451200
453390
371380
477200
439440
439730
439740
438160
439880
438440
438480
379520
380120
379760
380020
354040
354770
355090
354600
353550
354280
354310
355350
355420
358490
359350
359670
360010
363500
363110
363180
363240
362740
362790
362940
363070
364100
364190
364250
364260
364510
364640
364700
364720
364770
384040
384330
384480
448530
451330
447240
448260
448320
447970
435600
449240
449330
449350
449420
450030
448820
419020
416320
415670
414260
424040
424640
424750
424760
425040
379320
454170
454610
454720
454330
453650
453740
454780
453880
453950
454970
455110
455640
456130
456690
455230
456440
457230
457790
458030
458110
445770
73010
394760
21660
21100
55110
228380
71250
65780
65790
34870
268050
249380
24840
236150
363600
209870
365890
352460
337360
10110
277110
277270
360
338140
325420
467520
272510
243870
283620
205710
242570
314980
384180
324510
401820
115220
4880
231910
247000
109400
317110
296070
325600
305260
7210
236690
237890
395200
19980
368740
264140
382890
202750
271360
45740
282400
436150
428440
10270
208730
375400
345890
317820
279140
374670
232430
361670
361690
322910
39190
410850
427510
459440
262120
1500
261110
269730
262150
360950
441550
402880
329430
359230
379670
7610
389670
13200
225420
3130
341950
411600
24010
299480
394160
403400
403430
321060
237470
13530
257970
99810
23450
215470
433600
263500
214630
253900
202200
417750
427950
334670
407710
414950
312430
273070
427470
265950
463460
400020
424250
334850
233370
401890
298160
9480
363620
280360
45750
286340
220160
246760
384570
290970
444180
4230
326340
245490
386590
306630
315660
319050
11480
6900
1630
442710
268540
6810
239840
73020
250460
219800
417880
238280
240600
336790
32650
400110
244910
292930
392190
351730
251850
227700
467850
344800
39550
366400
345010
344810
245410
381750
290000
332260
226100
445860
314520
254920
466910
40340
320430
270950
349700
222420
253190
291010
361550
253920
297130
263920
297920
454200
457580
330580
269310
25980
384550
44310
223410
42120
418260
294580
225600
317470
308080
393860
253980
32720
372360
346420
45770
249230
217080
274290
369110
1640
408900
2710
338590
249360
318090
210990
310470
346140
226740
6870
292280
292300
294700
63610
398180
286040
346610
345660
13540
21800
260730
400200
342550
350800
22340
312970
466780
306370
338130
203810
307960
287220
288370
250340
243000
387370
372780
385310
246700
20700
256370
454600
417990
243780
275570
297860
479100
224220
250660
326950
320540
7110
350110
327380
2800
2840
2850
438650
413030
415270
294790
274980
402560
224920
420070
361930
331450
293460
313080
307430
242960
248350
376680
409460
297070
475490
323720
321110
274310
408770
359810
434620
315670
60
34900
2450
389220
36210
339850
371420
265750
33570
434420
261530
427890
311770
348340
370510
384740
71230
407230
22670
32430
8880
260130
296630
212580
450850
209160
298890
285010
3270
391420
423700
32350
32380
32390
32500
314970
388410
80200
298140
410430
397210
281060
453790
212240
340440
298240
350810
355840
397390
58520
270830
374090
224740
378630
347690
380360
218820
334710
231330
318020
394540
392120
368590
285110
433280
317620
377970
212010
295770
336060
39670
449710
7010
330620
448610
409490
329380
477290
234190
438180
246110
248650
269110
378260
437000
274560
209540
360450
463220
48220
301860
375520
44360
372800
346460
319970
280830
228260
367260
382480
388680
352790
329830
232770
429780
313140
307640
467330
439260
366760
268830
244030
307050
341500
374380
453850
12160
458700
302830
41800
356890
271760
248530
112100
380700
45300
308270
29800
313590
17140
104700
13580
397500
207930
297020
386400
453670
341390
39630
335120
366280
391260
446590
268670
277850
6510
444260
375190
423760
428630
61510
259660
266190
253330
420950
232050
436140
29900
434890
454150
396390
232750
225640
252350
34190
257870
277590
434920
46770
342260
322130
395270
312350
223510
434500
439950
383580
319740
40330
298480
457520
363090
216910
203680
352220
279260
235660
473560
399260
1600
365880
37030
258590
228400
303690
389870
456810
24400
70420
244890
427780
214360
227380
377480
443370
388340
366510
16030
15900
338530
202710
338800
283600
279440
315860
353890
115120
400360
475520
359560
437870
333880
3820
427910
302210
422590
320820
397620
3810
391160
356270
438340
215510
57680
395160
61310
16100
16110
16180
366160
291190
22450
302180
293500
257670
392080
319280
406720
292160
209670
343120
270570
335420
365480
420770
37960
402150
423770
409340
33180
382070
446010
303790
297350
313660
288650
282050
37700
252730
416190
426970
329770
217790
292200
387010
293960
260000
260040
259940
44200
305510
451670
384360
448250
278930
289890
12130
277630
331220
35460
396090
329200
376920
410550
2500
390910
341020
427980
2900
464240
270050
347440
328890
344190
96800
271570
234100
393980
377680
238910
34600
448000
444480
300080
273240
458290
446990
300580
305640
455940
27000
294370
400380
337040
426170
314200
444580
343800
343820
343830
360730
12210
259430
318650
461650
105420
356560
243160
317100
308040
311250
293480
253650
15160
427860
35300
35300
248290
451900
432240
350150
315340
427810
46260
46270
302730
448560
382350
18300
459940
261490
264520
359280
70200
368150
356580
322900
291170
349530
440410
33620
230150
459020
108700
423610
385130
416270
214570
244690
374060
270750
270760
454870
389900
215690
462060
231040
275530
462960
102400
338320
284990
65400
454070
335430
430170
1610
21670
366670
7600
8320
281200
367010
267980
358340
330570
34820
394260
37210
253610
358260
359580
268810
321150
264300
331210
295910
264240
315540
207420
427930
352190
73220
299160
224440
15080
440950
370270
341310
369890
280140
381910
403850
328900
237570
298950
98600
385060
354860
46000
289240
289440
383670
202670
263700
397970
433580
224940
397870
317300
278590
275350
320520
448350
335200
368690
217920
243020
265330
384010
105000
324120
392620
414470
453960
386990
317840
314220
343930
11360
423600
359610
308000
413710
429250
262900
396360
382180
3000
345090
238630
375010
288020
419090
382080
29120
3520
358190
378830
376780
374010
9800
278440
365120
388360
402210
430080
327440
223450
359620
209360
431840
463040
382250
391580
388540
370160
289420
338050
384980
401690
383720
448070
385270
352120
348960
333220
11340
259390
325210
456160
398930
454460
401420
372380
368770
296220
437170
289180
305820
391180
336710
437880
228440
6880
416850
371330
400740
428200
385230
350630
398070
63900
372770
470450
382120
326190
355240
3010
389270
105300
314250
342020
415490
347560
42950
313980
461570
363130
292140
1930
333830
348030
235340
351050
286570
311730
227860
369070
322920
332070
322850
355060
292330
39650
6920
441020
63950
236130
255260
238750
306480
307770
307930
307990
403120
48110
302060
302080
319910
459410
463830
463050
471270
12540
2720
63110
33950
72400
65080
42000
57700
60340
35070
37100
38210
42810
31980
33660
8970
67000
70500
80300
35800
3610
32140
32410
12670
31870
27400
92400
37100
92600
18070
111800
33950
72400
65080
42000
57700
60340
36620
204220
207020
104020
227480
227800
225180
224040
222140
229810
231020
233230
246980
244410
246300
210170
214550
243060
243280
244410
246300
258070
259470
260410
260690
260710
274250
272990
281280
2420
12540
2720
15930
3510
3580
21640
25850
29160
3530
23600
418110
424210
416760
416800
417480
417110
422030
433360
431870
404860
402980
405070
405180
405590
404580
404290
404420
408920
408110
406730
407020
374620
406300
403570
403670
104100
35480
92400
102200
95300
41740
97100
70500
80300
42000
57700
60340
204220
104020
218170
218330
248800
242940
246980
247370
250580
250030
250070
252830
251910
276730
276750
277470
277650
277870
283180
281390
281410
281450
281820
286360
308460
308560
298820
298850
305460
306200
306290
299420
299440
299600
299020
299110
300760
302650
278640
286360
296510
296650
296730
296810
296910
295870
297720
463920
11230
205690
307560
307570
308460
308560
310760
290530
292400
292410
291290
291390
291610
291710
3800
338420
342360
348870
363220
363650
366010
365320
353940
354030
352030
352080
352740
352760
353340
355140
355520
355560
354230
355310
351790
351340
350770
349260
349500
357940
351790
351340
350770
356200
356370
355520
355560
357120
355310
353940
354030
355140
354230
357940
358200
358240
357690
357730
360680
366010
365320
366990
370090
369860
369460
369570
371310
371370
370780
370700
371620
371890
319140
319230
319410
317410
328710
328450
328460
328500
329650
328650
312440
313360
311100
312150
312240
314120
315110
316420
95000
245150
276730
276750
277470
277650
277870
278640
281280
281390
281410
281450
259470
262750
263040
264730
261940
269810
268930
269010
269150
270310
270410
270490
268340
329020
330450
330470
330500
328450
328460
328500
329650
328650
336680
336730
335700
335770
335840
336040
336200
338420
338980
339840
338810
338890
50820
353940
354030
353340
412860
411550
337980
404860
405070
405180
405590
404580
406730
407020
374620
406300
402980
404290
404420
403570
403670
402000
408920
408110
412010
412370
412410
413680
413740
466890
3800
218510
295870
295490
298820
298850
296510
296650
296730
296810
296910
312440
311100
312150
312240
315110
11230
205690
307560
307570
314120
313360
316420
316840
317610
317410
264730
263040
266270
266470
262750
276730
276750
277470
277650
277870
278640
242940
247370
256070
259470
258070
260690
260710
261940
260410
260550
272990
281820
397240
399520
374680
374900
375000
375290
374230
374450
375770
375790
374990
375090
377570
377120
378270
379600
381260
381010
382130
384210
384400
383630
384960
385070
323040
387090
387270
386740
387130
389970
363220
363650
367800
367820
368700
366990
366010
360680
360030
365320
372250
371310
371370
370090
371620
371890
369860
369460
370780
370700
302650
301670
302340
301990
303840
303850
303860
310760
308460
308560
319830
319140
319230
319410
320630
320670
22610
235720
322550
321840
321870
326470
218130
424210
431510
415980
416760
416800
417890
416130
417480
415830
417110
418110
419000
61100
223750
353110
438660
440730
443580
442770
443850
303800
316180
331120
352440
355970
418180
424210
451830
453190
372540
440730
438660
442770
443580
444000
444740
443850
265830
203290
268360
302470
310370
435780
61100
223750
353110
303800
316180
331120
352440
355970
418180
267920
457420
353130
354950
363790
375600
445130
429040
428270
429390
433360
432540
432770
434790
434980
435780
448780
448980
449000
449040
449170
449500
449520
450290
457980
312920
458900
240460
340170
410570
304730
20550
355150
331650
318100
256190
236370
368860
239160
282210
318220
115320
209120
352010
346830
39520
39660
249650
433350
253430
289930
322970
46490
408740
289520
412450
102700
404920
205610
57620
48800
46550
407250
115200
115210
4890
265300
221300
34830
219760
466840
339210
398970
407690
227020
296830
7220
212630
354290
205810
240320
39160
368220
353630
316390
299250
381990
7530
451130
252450
266150
407510
239200
254590
243930
381640
329440
207210
208110
334750
200150
214150
315440
354430
355250
15740
208520
356330
339230
290140
47790
422940
368450
407190
205990
295590
7520
337950
225360
47800
328830
299500
276770
214250
46360
238240
34283
34317
71112
429530
22350
290790
34420
46290
46340
46350
63940
63960
245760
409590
334120
32330
204860
306830
12520
202130
247730
291910
19000
227760
42990
251890
57900
253510
348540
273350
342570
347060
332500
2370
226720
351290
341030
317530
328600
256030
4290
44600
304580
323060
300610
255420
6840
326630
475990
279990
7730
7770
32900
311910
300820
46250
7860
211970
434360
47920
424780
352950
420000
287580
65730
383520
322630
8170
292760
382850
325790
214190
226700
248450
376310
231060
33110
364750
316430
263640
280890
273800
349720
245370
444650
442110
350530
370040
264360
283000
239220
485890
320340
294020
340070
65600
337970
408990
291050
459260
352170
408640
293940
459160
353690
318860
2920
12830
404640
224540
423900
235380
322520
363430
49330
403880
273620
317940
225020
292820
37010
255940
63600
466490
263540
253880
92100
15000
395980
436160
336250
269890
416080
331710
354850
10220
21680
289340
212780
254080
345140
393920
260270
231990
399120
336510
289910
314240
248370
44340
385200
39690
297310
381590
328060
485440
297750
403660
362350
255920
2810
268890
385950
294770
344840
33610
348360
390200
281940
324760
469560
70100
289580
248470
297570
12470
275610
46410
424850
63660
245050
65530
405960
395600
407980
400500
418250
319730
105100
468320
346220
289780
324110
335830
342970
348020
374170
36180
407600
266170
244070
244090
355760
311840
305980
327650
302270
381560
265810
290280
396160
364110
360150
235760
416070
399790
422130
339640
27020
10140
428020
269530
400880
70110
306490
32420
314150
322600
316030
1670
255370
312790
269990
241620
