394850
33680
444800
304670
207570
61600
409560
252130
259780
290380
349680
233410
258890
37400
397690
205730
418040
326720
467460
347510
90400
296870
467560
392020
238530
384990
301190
340270
280010
280560
375120
341550
409380
286380
399890
415350
48950
369560
300340
248970
264220
294140
333760
431910
411120
454190
449440
342490
293900
384680
387840
270810
395170
357650
264080
355270
346180
340280
263100
317710
332480
289200
277680
262280
244770
344760
443800
453300
451400
42980
482300
330420
29570
321960
238370
341940
292240
467380
463000
8230
8340
21780
12170
12180
16300
15270
22500
26500
29130
11330
3483
44100
6250
109200
92220
58230
92210
65710
62000
50000
95700
204390
204440
108500
206250
206370
206690
205830
35320
222660
229890
233190
244950
33650
47000
116120
201420
105800
203510
203560
202730
203210
202410
211010
211180
211360
211900
212030
15520
40930
46600
31700
41300
34030
45000
62100
63700
91800
94620
49810
63000
99200
220460
218740
219200
17740
204120
208860
207400
214610
212050
216290
238050
235980
241760
243140
240340
241320
239660
239720
17580
211440
248730
252970
251830
251370
253310
253350
254880
96400
264380
272060
342980
336090
336110
337940
338120
337350
337280
346250
346770
346810
24860
345060
344630
348620
331510
331190
328730
333870
326120
330180
329320
330370
329690
332390
332410
332620
344480
343730
343740
343840
338760
340800
341120
340770
339120
339130
339570
300280
302750
301920
213650
250380
307590
306700
307010
307070
17580
211440
255300
254880
251370
259810
259870
266250
266490
264690
279540
293740
292880
271920
294160
294460
55040
361830
360550
360840
39000
91900
255340
262450
370070
369400
370920
370480
371300
371550
368830
368950
205070
252150
255520
271670
373750
381870
380140
380840
383460
329240
378300
377430
377330
376560
377760
379530
362810
378080
386050
386560
385590
386350
375030
375250
383960
388420
396060
397940
397570
398460
17570
398980
284890
339790
325370
327310
327370
327740
286100
330370
332390
332410
330180
331510
331190
325090
325120
329320
329690
326120
337350
336090
337280
336110
339120
339130
339570
338760
350970
295750
296930
297210
297290
297370
297590
311870
312510
312230
311930
315830
213650
250380
307590
314470
313470
313730
264690
264060
264340
264560
263380
263460
266250
266490
17570
398980
398460
205070
252150
255520
271670
373750
329240
362810
378080
386050
386560
385590
386350
17080
388620
391250
392450
397570
397940
400580
375030
375250
376560
257990
268240
275290
275470
285980
286260
285420
283880
286660
286770
288220
293740
294160
292880
282100
290320
271920
294460
306700
307010
307070
298180
307340
299660
300280
301380
301460
302750
301920
308440
308580
316610
316660
319270
319400
319470
320150
321190
321920
321480
327310
327370
327740
396900
380600
431540
428870
429300
429940
317360
338000
345650
346120
360870
382490
383080
385770
405950
409670
414070
449680
447270
450220
450390
449020
263560
409160
469990
438680
227780
438140
439940
437900
340
212800
226980
230820
265630
412310
436110
391270
11020
202090
223710
224260
225840
313690
331470
336420
436820
387860
404410
421670
423880
416690
258910
259080
206210
230230
241540
338000
345650
346120
360870
382490
383080
385770
405950
409670
414070
449680
428870
429300
429940
391270
449020
450220
450390
396900
380600
458000
466500
292180
325610
255320
314810
382900
449250
464470
448080
243470
435490
321360
436280
226580
466800
454530
289650
292120
458380
307780
2340
344850
208480
345480
287900
317280
4770
8260
360940
485490
467910
463980
224600
310380
397160
476880
429830
42900
381310
329040
446000
238260
444130
97110
97120
470590
456980
273110
34272
34273
34274
34275
34276
34277
34278
34279
34280
34281
34282
34284
34285
34286
34287
34288
34289
34310
34311
34312
34313
34314
211200
211201
211205
211206
211209
34315
34316
34318
34319
71110
71111
71113
71114
71115
71116
71117
71118
71119
71120
71160
71161
71162
71163
71164
71165
71166
71168
436940
486630
485220
19900
32800
391550
340210
476920
371670
206480
409390
447200
404040
443450
287290
448400
386490
44680
359840
63650
463290
41014
406410
456540
308173
465130
319080
485500
443420
429570
451000
402800
485860
435260
439960
404180
316260
245430
412880
483970
353980
411320
461500
444590
321400
366690
377450
409910
230330
17120
371530
284020
294550
294570
467090
32740
405550
375910
432720
471170
25808
38170
372350
372490
458370
480480
485560
263940
317020
463850
453680
38080
338040
422860
451870
352580
485330
476490
254820
254840
297000
456830
342130
444020
104900
234350
392970
461210
22470
339460
463930
445600
464900
414810
398000
397330
327390
31830
368800
15380
254200
31860
328000
429520
375900
283270
435800
466420
214870
39640
376880
459680
464360
361380
348300
467390
398250
470440
425150
435460
376760
376770
359940
407340
349240
361950
244930
396930
456720
483260
443630
366270
36100
36130
36150
36270
418360
340400
428100
444710
347470
385730
428230
399700
431850
485310
437520
377460
446910
476240
373470
216150
436220
433590
371430
429680
479000
362130
358410
383690
416240
368890
473140
424020
366260
450140
405000
21130
386290
386880
466820
386750
368250
339110
359630
411750
333950
391510
372940
355920
451100
467950
451100
441920
467950
370550
373600
373610
373620
373630
302970
365260
291770
412270
400170
403130
416360
29700
479330
451570
276340
397180
365760
474910
465760
422020
404750
476450
449550
403100
389470
441060
445420
366180
428350
42220
454890
465310
432990
32640
355130
353280
429690
372970
432190
371190
468310
299360
381900
358290
460960
438130
229790
259960
448160
453270
440690
353260
443380
428040
423440
457600
305940
376520
412930
446640
332580
395930
303310
297470
383950
394290
468780
434230
450650
432870
297000
429620
444770
411310
411060
462570
487020
434800
299360
411870
441920
427480
466790
200980
200990
201000
201010
206020
206040
206060
218020
432260
404510
445040
418520
12530
434780
418440
33220
406170
343810
337760
38100
458480
457530
388970
385100
457480
439750
467210
450740
363440
357670
302110
405540
220420
368710
477170
337650
38490
450050
337650
38490
450050
407150
301830
431230
389850
210230
465000
252530
421740
365800
373410
448810
422110
451640
453320
366590
465450
415150
420500
367140
392680
416380
201230
289360
40390
384690
384700
447170
375210
367030
350550
408960
440760
333390
415920
340450
443330
365870
237870
423810
338310
451880
379420
43600
282680
455200
225000
8140
386340
448720
331750
408750
405370
438350
419080
433890
275830
433700
486360
463150
364810
450500
400800
435970
450120
16120
16130
422650
310390
13620
13630
444530
366230
369270
466110
31910
260430
324450
397440
37280
217120
447100
454320
452240
357030
406920
444670
465990
376450
395880
270230
260060
259980
357010
29540
452320
300840
37220
359650
279420
446330
31920
424010
411390
258970
473730
467530
326380
392030
447190
397860
438000
19930
391000
284410
410120
386840
447000
444830
447800
356500
447780
34650
448620
24800
457870
369300
423220
463180
473840
327500
404620
446310
351170
362860
260430
348850
331970
406110
347610
440280
296030
34500
31840
448380
448640
434530
425820
425820
49000
402030
455080
31930
439310
403410
453100
420670
467220
413500
475240
399040
346090
444430
238430
431390
413470
309900
278420
335940
387060
294730
364790
364800
435360
434130
354740
453710
366780
328920
458420
404100
408400
437060
15970
359440
401170
365090
378810
299380
441230
453030
24870
352370
439930
428460
425160
3560
111300
368600
422300
38120
32750
390210
410770
469890
38000
50960
442140
37230
434880
454830
423800
424370
311060
332880
336030
376910
240360
465930
291430
396870
436470
11900
465360
432280
384100
362310
301260
414370
395860
473050
435250
431810
352360
31810
463760
448650
378530
432940
457490
302360
393460
449310
356390
302350
468130
347720
445070
471570
451600
453770
449340
436870
321330
370940
402390
255960
325160
415910
444870
422980
377360
385900
416530
351720
431300
461710
466020
443020
394950
411590
390940
416340
349190
405500
461690
31850
459520
386390
37330
391490
351330
200080
37340
361350
31900
31820
31890
31880
347730
372960
429220
365500
349140
475050
438220
455770
358370
456430
424310
363060
363050
384940
264400
410910
437890
457660
424170
262100
288670
308180
394550
454260
417410
337670
36310
401200
437180
452120
341570
415990
437100
428110
461380
447310
429120
324310
354380
359600
463350
436390
383100
358360
252690
454380
465970
327450
441510
364060
373440
437090
414920
280200
384910
385350
38140
223280
358250
358250
448790
38130
302810
358220
3490
3450
387280
3380
420850
382920
346340
448500
444280
3350
451350
358350
418160
352130
434070
363920
357490
288840
339690
397090
376790
409440
439770
404700
362160
3340
364840
391660
366060
257260
454900
425600
12220
352050
431770
346510
445170
436480
437420
338110
445750
331570
428830
391240
348440
343430
327150
431860
3440
255220
449210
384890
464760
459580
432500
448050
388730
386600
375310
453350
366210
332630
461850
443680
404400
404660
395380
454130
460150
417980
349100
453830
464230
382270
320040
366620
433960
418170
246280
16500
448010
399920
370710
404850
457820
360850
387850
408170
400230
388010
453510
447890
448630
365430
341820
374080
340320
233840
462030
473510
397190
407840
48240
212200
58610
377140
369200
91330
241560
345260
358460
343710
17430
307880
363150
9200
235620
402020
255480
32310
243950
351910
276890
427270
11040
11150
215100
278550
420790
296300
338400
325610
304350
307900
307920
247770
33440
15200
15240
249990
301910
455910
258760
463450
462910
468240
467170
460970
461030
461040
462910
461400
461580
461600
466040
467000
473800
474030
473480
479150
467310
19810
37250
37260
37270
37290
36240
32110
11920
13000
50970
51030
37390
3360
3400
3420
3430
3460
19810
38150
38160
50990
38070
47520
38180
40210
47120
48150
33390
262630
261390
270510
263960
266980
277751
37390
466720
470760
485800
401120
402340
401280
401290
401510
401550
389190
389200
389230
389250
390920
390930
391390
391630
390460
390680
391910
392600
392610
392690
392720
336230
335450
335460
335560
338070
338080
338100
336700
337720
337450
336760
336770
336840
347520
347040
347080
347250
346630
346780
346430
344960
346130
345690
347660
348280
346130
347040
347080
347250
346630
346430
346780
347660
348840
348280
348160
348430
333490
333510
333580
333130
333290
334100
334140
332760
328780
334830
334840
335010
335090
420570
421140
420160
420900
423720
424040
424320
423270
424640
424750
424760
425040
426590
416320
416610
416840
417310
421610
421800
422210
433400
433490
431630
433290
432130
350610
350620
349760
463240
475220
319170
319300
318480
318680
323450
323250
310810
310830
314360
314540
314590
313830
312410
315080
320090
315930
317060
316020
315610
321880
361020
361160
364880
365060
365290
365510
365580
361680
363580
365680
365730
366410
366460
366570
364510
364640
364700
364720
364770
354040
352620
352640
352210
353550
351150
336840
336160
336220
336230
338960
339040
339320
339590
354040
351150
352620
352640
352210
353550
354280
354310
354600
357750
357890
358030
358180
358210
358300
357700
358380
410470
411680
411720
370140
410970
410980
411330
410290
413830
412480
413540
413580
411740
413700
415670
371380
477200
407940
433830
434220
434240
434270
434340
434370
434390
434430
434490
432480
432590
432620
432760
432780
430190
431410
436360
436490
436510
434700
434820
434860
434870
435840
434970
435040
435140
435210
435420
289260
436950
438160
437710
438440
438480
438260
438360
439440
439730
439740
440800
440870
439880
251170
438820
440100
440380
438920
444190
444270
443460
443650
443700
444520
444550
444790
444860
342650
343570
344260
334830
334840
335010
335090
334620
335450
335460
335560
346130
346630
345690
346430
372260
370050
372560
372930
372030
363500
363110
363180
363240
362740
485800
378070
383010
383190
385690
385860
465020
386090
386200
387870
389650
388720
389190
389200
389230
389250
390920
390930
391390
391630
391910
390680
397770
397400
396700
398900
398920
398940
398960
482390
389190
389200
389230
389250
387870
389650
388720
393740
392920
392600
392610
392690
392720
392780
391210
393150
393170
393350
393600
393610
394030
390920
390930
391390
391630
391910
390680
395190
395300
394270
394390
394830
395100
395480
395550
395580
401280
401290
401510
401120
400710
409090
410150
409410
409610
410370
410440
410470
410290
412480
411680
411720
411740
411330
370140
410970
410980
405240
405530
405720
405780
404630
405860
406690
406780
407100
407380
406120
406650
406220
391190
402970
402340
401550
403070
403090
403230
403270
404030
403460
403780
404270
404460
408860
408240
413830
412170
412230
413870
413700
413540
413580
460910
298790
298830
364880
365060
365290
365510
365580
361680
363580
365680
365730
362020
362030
362290
362370
362410
366410
366460
366570
372260
371320
370080
370150
371880
372030
369310
370750
323250
325300
324390
270510
284200
288100
293980
292660
292670
292090
282960
282640
290020
290870
294590
305880
307030
464820
300620
298420
303530
304540
304850
308330
308360
310810
310830
318480
319170
319300
320090
318680
321880
321890
321940
322040
327520
326520
425870
425650
424320
425760
431630
430190
431410
426590
428410
428510
428540
427640
428060
428930
428130
428220
428240
428250
429260
429280
429350
433400
433490
407940
433830
433290
432130
432180
432230
432380
431830
432480
432590
432620
432760
432780
434700
434820
434860
434870
434220
434970
435040
435140
434240
434270
434340
434370
434390
434430
434490
477130
345990
449760
449770
445210
448260
448320
448820
448910
447990
448090
448110
447240
447970
435600
449240
449330
449350
449420
450030
449060
449180
448530
451330
451700
451200
453390
371380
477200
439440
439730
439740
438160
439880
438440
438480
379520
380120
379760
380020
354040
354770
355090
354600
353550
354280
354310
355350
355420
358490
359350
359670
360010
363500
363110
363180
363240
362740
362790
362940
363070
364100
364190
364250
364260
364510
364640
364700
364720
364770
384040
384330
384480
448530
451330
447240
448260
448320
447970
435600
449240
449330
449350
449420
450030
448820
419020
416320
415670
414260
424040
424640
424750
424760
425040
379320
454170
454610
454720
454330
453650
453740
454780
453880
453950
454970
455110
455640
456130
456690
455230
456440
457230
457790
458030
458110
445770
73010
394760
21660
21100
55110
228380
71250
65780
65790
34870
268050
249380
24840
236150
363600
209870
365890
352460
337360
10110
277110
277270
360
338140
325420
467520
272510
243870
283620
205710
242570
314980
384180
324510
401820
115220
4880
231910
247000
109400
317110
296070
325600
305260
7210
236690
237890
395200
19980
368740
264140
382890
202750
271360
45740
282400
436150
428440
10270
208730
375400
345890
317820
279140
374670
232430
361670
361690
322910
39190
410850
427510
459440
262120
1500
261110
269730
262150
360950
441550
402880
329430
359230
379670
7610
389670
13200
225420
3130
341950
411600
24010
299480
394160
403400
403430
321060
237470
13530
257970
99810
23450
215470
433600
263500
214630
253900
202200
417750
427950
334670
407710
414950
312430
273070
427470
265950
463460
400020
424250
334850
233370
401890
298160
9480
363620
280360
45750
286340
220160
246760
384570
290970
444180
4230
326340
245490
386590
306630
315660
319050
11480
6900
1630
442710
268540
6810
239840
73020
250460
219800
417880
238280
240600
336790
32650
400110
244910
292930
392190
351730
251850
227700
467850
344800
39550
366400
345010
344810
245410
381750
290000
332260
226100
445860
314520
254920
466910
40340
320430
270950
349700
222420
253190
291010
361550
253920
297130
263920
297920
454200
457580
330580
269310
25980
384550
44310
223410
42120
418260
294580
225600
317470
308080
393860
253980
32720
372360
346420
45770
249230
217080
274290
369110
1640
408900
2710
338590
249360
318090
210990
310470
346140
226740
6870
292280
