292300
294700
63610
398180
286040
346610
345660
13540
21800
260730
400200
342550
350800
22340
312970
466780
306370
338130
203810
307960
287220
288370
250340
243000
387370
372780
385310
246700
20700
256370
454600
417990
243780
275570
297860
479100
224220
250660
326950
320540
7110
350110
327380
2800
2840
2850
438650
413030
415270
294790
274980
402560
224920
420070
361930
331450
293460
313080
307430
242960
248350
376680
409460
297070
475490
323720
321110
274310
408770
359810
434620
315670
60
34900
2450
389220
36210
339850
371420
265750
33570
434420
261530
427890
311770
348340
370510
384740
71230
407230
22670
32430
8880
260130
296630
212580
450850
209160
298890
285010
3270
391420
423700
32350
32380
32390
32500
314970
388410
80200
298140
410430
397210
281060
453790
212240
340440
298240
350810
355840
397390
58520
270830
374090
224740
378630
347690
380360
218820
334710
231330
318020
394540
392120
368590
285110
433280
317620
377970
212010
295770
336060
39670
449710
7010
330620
448610
409490
329380
477290
234190
438180
246110
248650
269110
378260
437000
274560
209540
360450
463220
48220
301860
375520
44360
372800
346460
319970
280830
228260
367260
382480
388680
352790
329830
232770
429780
313140
307640
467330
439260
366760
268830
244030
307050
341500
374380
453850
12160
458700
302830
41800
356890
271760
248530
112100
380700
45300
308270
29800
313590
17140
104700
13580
397500
207930
297020
386400
453670
341390
39630
335120
366280
391260
446590
268670
277850
6510
444260
375190
423760
428630
61510
259660
266190
253330
420950
232050
436140
29900
434890
454150
396390
232750
225640
252350
34190
257870
277590
434920
46770
342260
322130
395270
312350
223510
434500
439950
383580
319740
40330
298480
457520
363090
216910
203680
352220
279260
235660
473560
399260
1600
365880
37030
258590
228400
303690
389870
456810
24400
70420
244890
427780
214360
227380
377480
443370
388340
366510
16030
15900
338530
202710
338800
283600
279440
315860
353890
115120
400360
475520
359560
437870
333880
3820
427910
302210
422590
320820
397620
3810
391160
356270
438340
215510
57680
395160
61310
16100
16110
16180
366160
291190
22450
302180
293500
257670
392080
319280
406720
292160
209670
343120
270570
335420
365480
420770
37960
402150
423770
409340
33180
382070
446010
303790
297350
313660
288650
282050
37700
252730
416190
426970
329770
217790
292200
387010
293960
260000
260040
259940
44200
305510
451670
384360
448250
278930
289890
12130
277630
331220
35460
396090
329200
376920
410550
2500
390910
341020
427980
2900
464240
270050
347440
328890
344190
96800
271570
234100
393980
377680
238910
34600
448000
444480
300080
273240
458290
446990
300580
305640
455940
27000
294370
400380
337040
426170
314200
444580
343800
343820
343830
360730
12210
259430
318650
461650
105420
356560
243160
317100
308040
311250
293480
253650
15160
427860
35300
35300
248290
451900
432240
350150
315340
427810
46260
46270
302730
448560
382350
18300
459940
261490
264520
359280
70200
368150
356580
322900
291170
349530
440410
33620
230150
459020
108700
423610
385130
416270
214570
244690
374060
270750
270760
454870
389900
215690
462060
231040
275530
462960
102400
338320
284990
65400
454070
335430
430170
1610
21670
366670
7600
8320
281200
367010
267980
358340
330570
34820
394260
37210
253610
358260
359580
268810
321150
264300
331210
295910
264240
315540
207420
427930
352190
73220
299160
224440
15080
440950
370270
341310
369890
280140
381910
403850
328900
237570
298950
98600
385060
354860
46000
289240
289440
383670
202670
263700
397970
433580
224940
397870
317300
278590
275350
320520
448350
335200
368690
217920
243020
265330
384010
105000
324120
392620
414470
453960
386990
317840
314220
343930
11360
423600
359610
308000
413710
429250
262900
396360
382180
3000
345090
238630
375010
288020
419090
382080
29120
3520
358190
378830
376780
374010
9800
278440
365120
388360
402210
430080
327440
223450
359620
209360
431840
463040
382250
391580
388540
370160
289420
338050
384980
401690
383720
448070
385270
352120
348960
333220
11340
259390
325210
456160
398930
454460
401420
372380
368770
296220
437170
289180
305820
391180
336710
437880
228440
6880
416850
371330
400740
428200
385230
350630
398070
63900
372770
470450
382120
326190
355240
3010
389270
105300
314250
342020
415490
347560
42950
313980
461570
363130
292140
1930
333830
348030
235340
351050
286570
311730
227860
369070
322920
332070
322850
355060
292330
39650
6920
441020
63950
236130
255260
238750
306480
307770
307930
307990
403120
48110
302060
302080
319910
459410
463830
463050
471270
12540
2720
63110
33950
72400
65080
42000
57700
60340
35070
37100
38210
42810
31980
33660
8970
67000
70500
80300
35800
3610
32140
32410
12670
31870
27400
92400
37100
92600
18070
111800
33950
72400
65080
42000
57700
60340
36620
204220
207020
104020
227480
227800
225180
224040
222140
229810
231020
233230
246980
244410
246300
210170
214550
243060
243280
244410
246300
258070
259470
260410
260690
260710
274250
272990
281280
2420
12540
2720
15930
3510
3580
21640
25850
29160
3530
23600
418110
424210
416760
416800
417480
417110
422030
433360
431870
404860
402980
405070
405180
405590
404580
404290
404420
408920
408110
406730
407020
374620
406300
403570
403670
104100
35480
92400
102200
95300
41740
97100
70500
80300
42000
57700
60340
204220
104020
218170
218330
248800
242940
246980
247370
250580
250030
250070
252830
251910
276730
276750
277470
277650
277870
283180
281390
281410
281450
281820
286360
308460
308560
298820
298850
305460
306200
306290
299420
299440
299600
299020
299110
300760
302650
278640
286360
296510
296650
296730
296810
296910
295870
297720
463920
11230
205690
307560
307570
308460
308560
310760
290530
292400
292410
291290
291390
291610
291710
3800
338420
342360
348870
363220
363650
366010
365320
353940
354030
352030
352080
352740
352760
353340
355140
355520
355560
354230
355310
351790
351340
350770
349260
349500
357940
351790
351340
350770
356200
356370
355520
355560
357120
355310
353940
354030
355140
354230
357940
358200
358240
357690
357730
360680
366010
365320
366990
370090
369860
369460
369570
371310
371370
370780
370700
371620
371890
319140
319230
319410
317410
328710
328450
328460
328500
329650
328650
312440
313360
311100
312150
312240
314120
315110
316420
95000
245150
276730
276750
277470
277650
277870
278640
281280
281390
281410
281450
259470
262750
263040
264730
261940
269810
268930
269010
269150
270310
270410
270490
268340
329020
330450
330470
330500
328450
328460
328500
329650
328650
336680
336730
335700
335770
335840
336040
336200
338420
338980
339840
338810
338890
50820
353940
354030
353340
412860
411550
337980
404860
405070
405180
405590
404580
406730
407020
374620
406300
402980
404290
404420
403570
403670
402000
408920
408110
412010
412370
412410
413680
413740
466890
3800
218510
295870
295490
298820
298850
296510
296650
296730
296810
296910
312440
311100
312150
312240
315110
11230
205690
307560
307570
314120
313360
316420
316840
317610
317410
264730
263040
266270
266470
262750
276730
276750
277470
277650
277870
278640
242940
247370
256070
259470
258070
260690
260710
261940
260410
260550
272990
281820
397240
399520
374680
374900
375000
375290
374230
374450
375770
375790
374990
375090
377570
377120
378270
379600
381260
381010
382130
384210
384400
383630
384960
385070
323040
387090
387270
386740
387130
389970
363220
363650
367800
367820
368700
366990
366010
360680
360030
365320
372250
371310
371370
370090
371620
371890
369860
369460
370780
370700
302650
301670
302340
301990
303840
303850
303860
310760
308460
308560
319830
319140
319230
319410
320630
320670
22610
235720
322550
321840
321870
326470
218130
424210
431510
415980
416760
416800
417890
416130
417480
415830
417110
418110
419000
61100
223750
353110
438660
440730
443580
442770
443850
303800
316180
331120
352440
355970
418180
424210
451830
453190
372540
440730
438660
442770
443580
444000
444740
443850
265830
203290
268360
302470
310370
435780
61100
223750
353110
303800
316180
331120
352440
355970
418180
267920
457420
353130
354950
363790
375600
445130
429040
428270
429390
433360
432540
432770
434790
434980
435780
448780
448980
449000
449040
449170
449500
449520
450290
457980
312920
458900
240460
340170
410570
304730
20550
355150
331650
318100
256190
236370
368860
239160
282210
318220
115320
209120
352010
346830
39520
39660
249650
433350
253430
289930
322970
46490
408740
289520
412450
102700
404920
205610
57620
48800
46550
407250
115200
115210
4890
265300
221300
34830
219760
466840
339210
398970
407690
227020
296830
7220
212630
354290
205810
240320
39160
368220
353630
316390
299250
381990
7530
451130
252450
266150
407510
239200
254590
243930
381640
329440
207210
208110
334750
200150
214150
315440
354430
355250
15740
208520
356330
339230
290140
47790
422940
368450
407190
205990
295590
7520
337950
225360
47800
328830
299500
276770
214250
46360
238240
34283
34317
71112
429530
22350
290790
34420
46290
46340
46350
63940
63960
245760
409590
334120
32330
204860
306830
12520
202130
247730
291910
19000
227760
42990
251890
57900
253510
348540
273350
342570
347060
332500
2370
226720
351290
341030
317530
328600
256030
4290
44600
304580
323060
300610
255420
6840
326630
475990
279990
7730
7770
32900
311910
300820
46250
7860
211970
434360
47920
424780
352950
420000
287580
65730
383520
322630
8170
292760
382850
325790
214190
226700
248450
376310
231060
33110
364750
316430
263640
280890
273800
349720
245370
444650
442110
350530
370040
264360
283000
239220
485890
320340
294020
340070
65600
337970
408990
291050
459260
352170
408640
293940
459160
353690
318860
2920
12830
404640
224540
423900
235380
322520
363430
49330
403880
273620
317940
225020
292820
37010
255940
63600
466490
263540
253880
92100
15000
395980
436160
336250
269890
416080
331710
354850
10220
21680
289340
212780
254080
345140
393920
260270
231990
399120
336510
289910
314240
248370
44340
385200
39690
297310
381590
328060
485440
297750
403660
362350
255920
2810
268890
385950
294770
344840
33610
348360
390200
281940
324760
469560
70100
289580
248470
297570
12470
275610
46410
424850
63660
245050
65530
405960
395600
407980
400500
418250
319730
105100
468320
346220
289780
324110
335830
342970
348020
374170
36180
407600
266170
244070
244090
355760
311840
305980
327650
302270
381560
265810
290280
396160
364110
360150
235760
416070
399790
422130
339640
27020
10140
428020
269530
400880
70110
306490
32420
314150
322600
316030
1670
255370
312790
269990
241620
407120
449150
46790
33460
235400
348670
412460
459470
209650
70650
201480
73190
380550
70660
49540
473520
209100
461680
414130
285960
334070
412790
8080
324170
280040
391460
454930
287920
270110
415840
228560
348450
285500
429490
233250
296770
453820
402450
438010
350700
227920
289500
272470
227180
241990
440020
340950
247660
214130
214700
27920
246070
38830
434110
348730
354160
338540
331920
306410
380000
423710
16730
345750
287200
48120
326670
283060
277950
390220
438030
341980
113420
271860
24670
305740
383530
362140
334040
446870
204940
282780
55100
386650
303390
428190
33670
462220
245300
38230
462480
9930
390970
279500
293860
65740
333540
341690
242720
335850
267550
307210
42500
359900
57740
343070
369040
231140
292390
16720
396400
250200
6550
263480
314830
463320
381140
252230
240620
392820
338340
336010
316160
17180
12590
242530
412470
355330
432290
373720
38110
385600
292420
267750
270910
200230
324050
364300
400240
430240
343270
367600
274230
202530
384320
447180
331880
331910
301740
344180
371210
23420
359220
41600
38480
415860
428430
314370
329790
339860
343360
283560
234530
416450
427660
201830
9850
216390
318350
365620
357370
253130
359290
318950
318740
33420
350310
380580
473580
367550
331660
264000
336280
279720
402160
311040
265970
291960
65930
341360
395350
393750
274010
423920
277460
313870
311860
458990
408120
386280
407420
252250
295550
370730
374640
245730
450060
397980
433630
386480
215930
401190
331200
1690
289690
274130
407730
256390
46560
433380
404080
283430
356380
340810
420380
51100
385880
7510
446250
284970
42160
305960
303510
334410
344890
434090
375180
291450
33320
395560
321260
398840
478210
261760
299260
307130
257050
431270
257830
440740
361200
24480
224900
275810
10530
397420
434610
322980
265120
272890
342510
442290
450040
344900
230980
19200
402060
230840
46450
320320
344820
46570
255070
366810
226780
27200
365560
21030
21010
314000
289400
289480
386640
37240
369230
340650
443900
293920
313650
16620
108210
293180
361890
305500
397720
57650
260020
260080
261720
370640
106000
283660
385890
63800
214910
200390
95900
397820
291250
310880
232950
394450
302440
367710
304460
397040
16200
286750
374950
443980
362780
337410
407620
4520
4530
11200
324090
200370
297450
332790
351300
209730
270770
307190
111400
413170
339700
346240
92900
431370
291030
329670
307760
11260
236470
403390
321390
285580
293160
283100
362660
287600
42210
350090
282620
258880
111010
111000
205530
250420
450590
263520
441870
348290
249570
276360
248630
258220
347030
36300
383070
462950
434380
259620
328310
302190
299340
436410
312210
15230
361430
352960
46280
407830
439720
403860
314460
365310
326230
292370
461780
46370
414730
296180
296210
336930
43500
9730
317290
4460
325630
9500
307600
251710
428280
217140
264320
116100
372480
267670
49800
422250
269610
27800
308520
461520
424260
212700
328880
365420
395900
312050
11390
216210
275510
438560
354560
205060
330990
311170
209850
285090
217690
11050
320690
289600
300160
50940
427550
8310
305390
240660
2590
278490
380690
275080
407720
442890
209690
43000
353070
283310
362930
272010
299460
6210
331340
285130
360510
396320
356290
448660
264540
360380
415950
292480
326590
409290
339540
277560
348180
351080
251690
395150
421890
382300
381050
364940
440810
446240
302320
311120
293220
447850
463030
264260
9710
448300
287860
398680
285050
276300
252270
37370
314510
220660
1900
326180
346950
31800
12770
207430
440340
37300
374120
385440
293540
258050
245010
259190
429580
286730
279160
416670
373730
416350
337210
412970
443830
341930
261740
315330
248490
289380
361320
23380
436860
361130
393390
342450
417910
295850
397200
311400
290460
433750
415330
320110
331790
432470
306350
406930
34800
438020
385700
209270
375320
46400
314950
354730
385830
380540
25500
368720
283490
485950
372950
342860
338710
105700
241720
341780
365020
371570
416030
398480
252430
351900
343000
369000
375020
469900
416200
368780
299050
3410
253940
409130
306520
201070
307270
264580
363510
315740
3500
3260
420920
345280
263180
299150
430020
422100
319180
361190
253860
217100
6270
362920
357830
400250
356770
406080
350220
254100
260380
416310
94000
260250
378490
284140
312900
365340
472830
338830
390880
204960
32730
12790
2520
305070
428950
368900
381170
310110
375760
415390
394770
311140
407680
303340
291130
365330
372720
449090
35310
387930
393240
458060
349550
410590
462730
403490
432610
448150
449820
428760
397640
209520
331160
280320
457710
269370
437740
360580
46520
432150
334960
343340
429200
341060
337220
406670
357900
355100
257630
402850
402850
346200
447880
444160
391070
110500
383330
388830
461140
436350
278970
403740
42140
434250
328740
354920
418610
42170
385220
281430
346450
295930
342240
260210
7840
370590
315940
342890
363900
344910
313960
258950
281370
254060
260650
460660
467370
462370
258180
306670
12570
12580
10460
9460
11250
12340
15800
8330
11240
11560
7260
12570
12580
10460
9460
15950
8100
34810
12480
27050
37800
24410
40200
34630
34640
32200
41100
35600
60800
40420
50510
46380
47110
4300
4420
46710
46750
37320
37380
42930
42940
55020
9960
42920
60600
65500
72500
72900
9980
41660
49320
11370
18480
34810
37800
10120
12630
18470
